0.000000
0.005845
0.011612
0.018458
0.024202
0.029786
0.035486
0.042102
0.048449
0.055981
0.063684
0.069866
0.075778
0.082658
0.088481
0.094725
0.100572
0.107361
0.113634
0.120769
0.127174
0.134578
0.140909
0.147215
0.155015
0.161297
0.168841
0.175510
0.181526
0.188260
0.194461
0.200989
0.208038
0.215066
0.220952
0.228269
0.234966
0.242225
0.249828
0.256307
0.262281
0.269238
0.276026
0.281978
0.288796
0.295023
0.301997
0.307947
0.314366
0.320349
0.326351
0.332645
0.339594
0.345654
0.351358
0.358200
0.364248
0.369928
0.376641
0.382598
0.389271
0.395065
0.401427
0.407286
0.413583
0.420161
0.426141
0.431987
0.437696
0.444118
0.449800
0.456499
0.462435
0.469143
0.474904
0.480634
0.486447
0.492249
0.499083
0.504820
0.511267
0.517122
0.522656
0.528383
0.534232
0.539951
0.546724
0.552626
0.559147
0.565136
0.571490
0.577071
0.582702
0.588482
0.594408
0.600120
0.605795
0.611430
0.618316
0.624083
0.629777
0.635535
0.641474
0.648333
0.654056
0.659738
0.665288
0.670937
0.676717
0.682464
0.688203
0.693847
0.699451
0.705088
0.710683
0.716208
0.722399
0.727992
0.733548
0.739170
0.745995
0.751508
0.757178
0.762878
0.768505
0.774034
0.779610
0.785372
0.790962
0.797568
0.803350
0.809047
0.814648
0.820371
0.825889
0.831429
0.837709
0.844118
0.849626
0.855240
0.860919
0.866588
0.872368
0.877881
0.883456
0.889092
0.894849
0.901338
0.906802
0.912398
0.918577
0.925298
0.931149
0.937023
0.942752
0.948336
0.954016
0.959569
0.965049
0.971459
0.977863
0.983576
0.989629
0.995247
1.000977
1.006561
1.012039
1.017548
1.023305
1.028845
1.034423
1.039919
1.045526
1.051338
1.057367
1.063403
1.069269
1.074867
1.080681
1.086307
1.091875
1.097460
1.102999
1.108609
1.114241
1.119916
1.125738
1.131389
1.138322
1.145091
1.150975
1.156682
1.162320
1.168071
1.173952
1.179777
1.185629
1.191231
1.196852
1.202594
1.208267
1.213909
1.219733
1.225294
1.230847
1.236428
1.242075
1.247802
1.253534
1.259079
1.264914
1.270451
1.276089
1.281864
1.287601
1.293231
1.298988
1.305520
1.311094
1.315908
1.320580
1.325479
1.331154
1.336115
1.340811
1.345709
1.350455
1.355480
1.361260
1.366266
1.371025
1.375944
1.381114
1.387406
1.393460
1.398230
1.403311
1.407966
1.412877
1.417631
1.423768
1.429035
1.434835
1.440650
1.446352
1.451987
1.457645
1.463378
1.469120
1.474873
1.480514
1.487235
1.493316
1.499166
1.505109
1.510772
1.516374
1.521935
1.528448
1.534170
1.539869
1.545578
1.551273
1.557036
1.562830
1.568327
1.573927
1.580349
1.585926
1.591461
1.598004
1.603775
1.609357
1.614870
1.620542
1.627084
1.632860
1.639499
1.645426
1.651261
1.657067
1.662648
1.668362
1.674075
1.679899
1.685454
1.691122
1.696889
1.703579
1.709316
1.715061
1.720626
1.727255
1.733908
1.739498
1.745649
1.752151
1.758011
1.764644
1.770346
1.775934
1.782364
1.788265
1.794705
1.800439
1.806830
1.813422
1.819183
1.825886
1.831883
1.837738
1.843435
1.849240
1.854814
1.861377
1.867062
1.873614
1.879550
1.886332
1.891952
1.898470
1.904374
1.910975
1.916735
1.923278
1.929100
1.935717
1.941402
1.946947
1.953465
1.959338
1.965009
1.970597
1.976373
1.981930
1.988490
1.994273
2.000828
2.006741
2.012330
2.017978
2.023501
2.030082
2.036033
2.042553
2.048273
2.054986
2.060988
2.066923
2.073513
2.079244
2.084975
2.090831
2.097587
2.103367
2.109094
2.115407
2.121174
2.127149
2.134087
2.140524
2.147298
2.153173
2.159592
2.165235
2.171776
2.178174
2.183854
2.190444
2.196870
2.202470
2.208206
2.213862
2.219450
2.225320
2.230935
2.236465
2.242067
2.248429
2.254129
2.259945
2.265729
2.272425
2.278160
2.283781
2.289351
2.295062
2.300885
2.307344
2.313131
2.318955
2.324481
2.330057
2.336655
2.342401
2.348622
2.354394
2.359957
2.366524
2.372398
2.378120
2.383850
2.389343
2.394978
2.400640
2.406324
2.411960
2.418533
2.424034
2.429569
2.435619
2.441341
2.447053
2.453754
2.459637
2.466217
2.472112
2.477994
2.483845
2.489532
2.496125
2.502580
2.508154
2.514863
2.520532
2.527124
2.532872
2.539712
2.545585
2.551554
2.557578
2.563643
2.569353
2.575239
2.581128
2.586881
2.592615
2.598207
2.603800
2.609319
2.614841
2.620647
2.627482
2.633393
2.639100
2.644903
2.650564
2.656375
2.662062
2.667611
2.673251
2.678894
2.684476
2.690411
2.696459
2.702045
2.708682
2.714275
2.720889
2.726589
2.732384
2.738183
2.743975
2.749519
2.755141
2.760679
2.766356
2.771981
2.777596
2.784317
2.790435
2.796124
2.802400
2.808866
2.814749
2.821361
2.827260
2.833049
2.838589
2.844149
2.849814
2.855429
2.861018
2.867658
2.873174
2.878933
2.885409
2.890934
2.896571
2.902125
2.907881
2.914479
2.920135
2.925848
2.931432
2.937076
2.942661
2.948209
2.953904
2.959688
2.965391
2.970958
2.976578
2.983376
2.989268
2.995026
3.000928
3.006521
3.012039
3.017576
3.023673
3.029401
3.035265
3.040776
3.046503
3.052119
3.057817
3.063448
3.069378
3.075249
3.082096
3.088704
3.095268
3.101030
3.106892
3.113364
3.119126
3.124913
3.130524
3.136403
3.142174
3.147873
3.154023
3.160418
3.166278
3.173014
3.178967
3.184689
3.190528
3.196292
3.201961
3.207629
3.213425
3.219132
3.224918
3.230445
3.236097
3.241906
3.247542
3.253209
3.258912
3.264588
3.270356
3.276049
3.281682
3.287174
3.292722
3.298486
3.304088
3.309850
3.315525
3.321025
3.326561
3.332108
3.337619
3.344455
3.350286
3.356009
3.361596
3.367116
3.373626
3.379330
3.384909
3.390452
3.395958
3.402385
3.408710
3.415046
3.421655
3.428458
3.434331
3.440205
3.446048
3.451911
3.458485
3.464124
3.469915
3.475501
3.481153
3.486920
3.492624
3.498281
3.503835
3.509480
3.515119
3.520632
3.526592
3.532073
3.537596
3.543245
3.548996
3.554675
3.560358
3.566322
3.572145
3.579046
3.584644
3.590464
3.596072
3.601606
3.607352
3.613092
3.618843
3.624426
3.630207
3.636031
3.641729
3.647306
3.653066
3.658696
3.664352
3.670097
3.675878
3.681507
3.687342
3.692924
3.698590
3.704325
3.709915
3.715663
3.721198
3.726848
3.732479
3.738258
3.743891
3.749672
3.755329
3.761049
3.767422
3.773025
3.778887
3.784569
3.790163
3.796145
3.802479
3.808241
3.814264
3.819781
3.825323
3.831169
3.836823
3.842499
3.848048
3.854440
3.860050
3.865726
3.872294
3.878007
3.884556
3.890239
3.895870
3.901476
3.907163
3.912868
3.918541
3.924102
3.929916
3.935776
3.941427
3.948242
3.954866
3.960701
3.966305
3.972947
3.978735
3.984381
3.989890
3.995386
4.000954
4.006467
4.012175
4.017884
4.023580
4.029471
4.035096
4.040842
4.046654
4.052212
4.057843
4.064499
4.070313
4.076043
4.081671
4.087301
4.093954
4.100889
4.106708
4.112333
4.118038
4.123644
4.129343
4.135159
4.140873
4.146643
4.152241
4.157808
4.163395
4.168922
4.174630
4.180268
4.186961
4.192700
4.199308
4.205031
4.210654
4.216273
4.221861
4.228776
4.235245
4.241397
4.248045
4.253777
4.260513
4.266176
4.271846
4.277427
4.283099
4.288718
4.294237
4.300953
4.307016
4.312997
4.319522
4.325260
4.331304
4.337054
4.342891
4.349587
4.355282
4.360858
4.366528
4.372039
4.377768
4.383419
4.389168
4.394787
4.401313
4.406882
4.412471
4.418320
4.423898
4.429649
4.435309
4.441033
4.446670
4.452589
4.458241
4.463899
4.469730
4.475433
4.481666
4.487418
4.493085
4.499742
4.505630
4.512369
4.518358
4.524035
4.529863
4.535470
4.541154
4.546948
4.553629
4.559432
4.565505
4.572253
4.578156
4.584711
4.591368
4.596855
4.602459
4.608362
4.613987
4.619577
4.625425
4.631017
4.636677
4.642448
4.648132
4.653660
4.659354
4.665080
4.670742
4.676258
4.681911
4.687697
4.693334
4.698862
4.704609
4.710404
4.716289
4.722820
4.728533
4.734132
4.740667
4.746577
4.752339
4.757923
4.763524
4.769201
4.774998
4.780601
4.786300
4.792654
4.798325
4.804403
4.810209
4.816130
4.821830
4.827412
4.833152
4.838756
4.844408
4.850291
4.856024
4.861681
4.868497
4.874215
4.879851
4.886608
4.892227
4.897957
4.903664
4.909325
4.915272
4.921440
4.927108
4.932828
4.938494
4.944173
4.950845
4.956423
4.961868
4.968389
4.974159
4.979893
4.985558
4.991572
4.997436
5.003619
5.009236
5.014931
5.020511
5.026599
5.032264
5.038256
5.044144
5.050957
5.056975
5.063739
5.069400
5.075125
5.080817
5.086387
5.092029
5.098505
5.105090
5.110923
5.116722
5.122591
5.128169
5.133860
5.139661
5.146560
5.152377
5.157951
5.164644
5.170391
5.176175
5.181824
5.187603
5.193333
5.199063
5.205484
5.211209
5.216743
5.222402
5.228001
5.234698
5.240326
5.246933
5.252804
5.258424
5.264019
5.269561
5.275549
5.281247
5.286818
5.292577
5.298542
5.304286
5.310089
5.315784
5.321455
5.328019
5.333532
5.339237
5.344914
5.350589
5.356114
5.361599
5.367354
5.373277
5.379010
5.384753
5.390426
5.396109
5.402026
5.407536
5.413172
5.418899
5.424852
5.430471
5.436036
5.441648
5.447311
5.452945
5.458586
5.464128
5.470769
5.476689
5.482453
5.489299
5.495066
5.500743
5.506447
5.512129
5.518755
5.524635
5.531397
5.537581
5.543428
5.550308
5.556210
5.562326
5.569044
5.574882
5.580464
5.586184
5.591869
5.598578
5.604348
5.611307
5.617068
5.623478
5.629576
5.636407
5.642209
5.648042
5.653644
5.659142
5.665537
5.672335
5.678852
5.685508
5.691937
5.698451
5.704984
5.710468
5.716121
5.721676
5.727305
5.732804
5.739152
5.745902
5.751573
5.757146
5.762765
5.768343
5.774952
5.781369
5.787564
5.793158
5.798721
5.804582
5.810172
5.816290
5.822023
5.827720
5.833423
5.839040
5.844897
5.851648
5.857523
5.863182
5.868877
5.874536
5.880570
5.886450
5.892014
5.897610
5.903457
5.909120
5.914760
5.920288
5.926868
5.932553
5.939340
5.944983
5.951453
5.957358
5.964036
5.970040
5.975860
5.982649
5.988369
5.993927
5.999519
6.005355
6.010976
6.016568
6.022620
6.029445
6.035221
6.040964
6.047921
6.053752
6.060540
6.066269
6.071979
6.077670
6.083485
6.089286
6.094888
6.100491
6.106117
6.111854
6.117517
6.123163
6.129578
6.135345
6.140941
6.146711
6.152279
6.157889
6.164595
6.171175
6.177119
6.183085
6.189748
6.195729
6.201403
6.207098
6.212956
6.218558
6.224159
6.230662
6.236440
6.242004
6.247642
6.254224
6.259976
6.265688
6.271269
6.277077
6.282865
6.288616
6.294404
6.299996
6.305630
6.311338
6.316910
6.322556
6.327999
6.333533
6.339889
6.345433
6.351013
6.356717
6.362303
6.367888
6.373400
6.379031
6.384740
6.391160
6.396884
6.403403
6.409968
6.415731
6.422276
6.427900
6.433588
6.439245
6.444796
6.451274
6.457050
6.463407
6.469926
6.475635
6.481198
6.487581
6.493091
6.498635
6.504393
6.509906
6.516399
6.522093
6.527622
6.534030
6.540421
6.546124
6.551952
6.557722
6.564381
6.569954
6.575561
6.581339
6.586970
6.592580
6.598084
6.604353
6.610010
6.615664
6.622141
6.627823
6.633406
6.639297
6.645929
6.652603
6.658082
6.663819
6.669746
6.676214
6.681818
6.687654
6.693252
6.699807
6.705701
6.712251
6.718060
6.724422
6.731082
6.736914
6.743576
6.749274
6.755832
6.761516
6.767148
6.772943
6.778609
6.784383
6.790523
6.797295
6.803107
6.809616
6.815410
6.822025
6.827817
6.833482
6.839126
6.845015
6.850680
6.856321
6.861813
6.867344
6.873371
6.879013
6.885489
6.891171
6.896770
6.902336
6.907916
6.914398
6.919940
6.925559
6.932082
6.937778
6.943374
6.949158
6.954864
6.960789
6.967338
6.973024
6.979394
6.986078
6.992964
6.998998
7.005702
7.012492
7.019260
7.024985
7.030654
7.036349
7.042044
7.047874
7.053590
7.059500
7.065296
7.071038
7.076763
7.082441
7.088667
7.094324
7.100028
7.105705
7.111330
7.117001
7.122587
7.128114
7.134656
7.140333
7.146308
7.152325
7.159247
7.165160
7.170880
7.176532
7.182180
7.188014
7.193764
7.199323
7.204948
7.210585
7.216264
7.222644
7.229162
7.235241
7.241847
7.247409
7.252913
7.258591
7.264168
7.269667
7.275419
7.281219
7.286810
7.292603
7.299109
7.304699
7.310256
7.316478
7.322002
7.327619
7.333319
7.340014
7.345889
7.351653
7.357398
7.363098
7.368645
7.374452
7.379995
7.385822
7.392320
7.397936
7.404656
7.411426
7.417201
7.422860
7.428509
7.434100
7.439984
7.446498
7.452516
7.458357
7.465309
7.471048
7.476898
7.482514
7.488146
7.494606
7.501048
7.506620
7.512256
7.517867
7.523432
7.529074
7.534521
7.541334
7.548184
7.554138
7.559865
7.565543
7.571450
7.577068
7.582611
7.588182
7.594529
7.601111
7.606838
7.612495
7.618171
7.625431
7.631681
7.637566
7.643241
7.649836
7.655419
7.661600
7.667197
7.672999
7.678659
7.684349
7.690362
7.697130
7.703002
7.708647
7.714407
7.720078
7.725798
7.731397
7.737010
7.742666
7.748278
7.754025
7.759640
7.765290
7.771578
7.778156
7.783830
7.789543
7.795103
7.800668
7.806310
7.811946
7.817479
7.822979
7.828699
7.834325
7.840054
7.846563
7.852563
7.858386
7.864031
7.869913
7.876638
7.883457
7.889478
7.895172
7.900871
7.906431
7.912082
7.917954
7.924732
7.931506
7.937386
7.943041
7.948718
7.954374
7.960020
7.966635
7.973288
7.979123
7.984941
7.991684
7.997327
8.003662
8.009342
8.015026
8.020763
8.026512
8.033102
8.038886
8.044604
8.050175
8.056698
8.062997
8.068761
8.074629
8.080382
8.086156
8.092622
8.098197
8.103856
8.110378
8.116087
8.121657
8.127167
8.132839
8.138321
8.143957
8.149730
8.156334
8.161878
8.167431
8.173026
8.179426
8.185376
8.191056
8.196910
8.203427
8.209175
8.214826
8.220465
8.226571
8.232216
8.237929
8.243430
8.249182
8.254805
8.260462
8.266166
8.271814
8.277414
8.283294
8.288973
8.294633
8.300301
8.305919
8.311639
8.317570
8.323206
8.328759
8.334403
8.340031
8.345697
8.351364
8.357079
8.362662
8.368451
8.374052
8.379826
8.385649
8.392343
8.398273
8.404114
8.410547
8.416437
8.422498
8.429516
8.435430
8.441451
8.447341
8.454143
8.459844
8.466445
8.472125
8.478495
8.484220
8.489779
8.495349
8.500985
8.506604
8.512162
8.517918
8.523428
8.528946
8.535644
8.541317
8.548050
8.553879
8.559667
8.566296
8.572054
8.578547
8.584600
8.590405
8.596145
8.602053
8.607817
8.613447
8.619170
8.625419
8.631913
8.638330
8.643832
8.649383
8.656056
8.661909
8.668625
8.675424
8.681073
8.687796
8.694328
8.699880
8.705516
8.712071
8.717674
8.723430
8.729076
8.735026
8.740716
8.746331
8.752053
8.757897
8.763572
8.769177
8.775748
8.782262
8.787837
8.793354
8.799014
8.804557
8.810673
8.816541
8.822293
8.828015
8.833658
8.839292
8.844845
8.850535
8.856446
8.862071
8.867643
8.873374
8.878973
8.884562
8.890168
8.895839
8.902412
8.908303
8.913857
8.919523
8.925394
8.931092
8.937824
8.943606
8.950002
8.955849
8.961512
8.967060
8.972664
8.978359
8.984180
8.989964
8.996706
9.002350
9.007903
9.013533
9.019143
9.025838
9.031552
9.037208
9.042977
9.048907
9.055637
9.061436
9.067074
9.072914
9.079687
9.085380
9.092214
9.098177
9.103920
9.109574
9.115099
9.121570
9.127289
9.133081
9.139776
9.146016
9.151597
9.158055
9.163816
9.169388
9.176168
9.181901
9.188682
9.194296
9.200969
9.207469
9.213992
9.220467
9.227470
9.234096
9.239774
9.246401
9.251960
9.257495
9.264062
9.270625
9.276374
9.282003
9.288462
9.294338
9.300233
9.305862
9.312531
9.318223
9.323879
9.330368
9.336033
9.342692
9.348434
9.354899
9.361393
9.367138
9.373879
9.379615
9.386487
9.392336
9.398261
9.404278
9.409931
9.415546
9.421130
9.427643
9.433343
9.439148
9.444842
9.451452
9.458232
9.464815
9.470728
9.477336
9.483217
9.489026
9.494601
9.500418
9.506121
9.511698
9.518424
9.524027
9.529571
9.535530
9.541270
9.546857
9.552799
9.558444
9.564159
9.570897
9.576505
9.583252
9.589949
9.596526
9.602486
9.608116
9.614031
9.619639
9.625335
9.631632
9.637665
9.644441
9.650123
9.655953
9.661739
9.667405
9.673103
9.679579
9.685431
9.691116
9.697298
9.703996
9.710836
9.716733
9.722396
9.728033
9.733851
9.740499
9.747136
9.753587
9.759202
9.764871
9.771400
9.777052
9.782647
9.788241
9.794071
9.799903
9.805484
9.811174
9.816840
9.822827
9.828441
9.834306
9.839951
9.846311
9.851991
9.858441
9.864144
9.869600
9.875170
9.880803
9.886563
9.892448
9.898145
9.904955
9.911778
9.917483
9.923262
9.929048
9.934695
9.940477
9.946082
9.951708
9.957264
9.962985
9.968589
9.974129
9.980622
9.986342
9.992009
9.997529
10.004240
10.011165
10.016803
10.023412
10.029396
10.035010
10.040617
10.046381
10.053042
10.058996
10.065729
10.071673
10.077700
10.083624
10.090433
10.097292
10.103369
10.110132
10.116054
10.122634
10.128362
10.135246
10.141011
10.147673
10.153566
10.159424
10.165146
10.170894
10.176627
10.182336
10.188115
10.194033
10.199722
10.205427
10.212071
10.217754
10.224439
10.230129
10.236387
10.242837
10.248630
10.254596
10.261260
10.267657
10.273438
10.280078
10.285937
10.291703
10.297852
10.303602
10.309311
10.315102
10.320874
10.326538
10.332221
10.337820
10.343602
10.349205
10.355830
10.361588
10.367418
10.373008
10.378746
10.385333
10.392007
10.398600
10.404354
10.409945
10.416384
10.422124
10.427916
10.433760
10.440324
10.445876
10.452675
10.458717
10.464596
10.471399
10.477329
10.483010
10.488523
10.495317
10.502232
10.508083
10.513819
10.519503
10.525176
10.531128
10.536917
10.543657
10.549369
10.555083
10.560985
10.567425
10.572985
10.578708
10.585208
10.590893
10.596566
10.602139
10.608574
10.614227
10.620118
10.626439
10.632918
10.638543
10.644166
10.649836
10.655450
10.661994
10.668397
10.674055
10.680785
10.686504
10.692965
10.698486
10.704258
10.709987
10.716832
10.722500
10.728040
10.734497
10.740069
10.745726
10.751501
10.758340
10.764041
10.770632
10.776353
10.782933
10.788750
10.794394
10.799947
10.806593
10.813281
10.819602
10.825346
10.831318
10.837988
10.843862
10.850592
10.856369
10.862983
10.868741
10.874380
10.880058
10.886758
10.893571
10.899248
10.905039
10.911778
10.917420
10.924167
10.929845
10.935967
10.942551
10.948181
10.953858
10.959569
10.965380
10.970943
10.977385
10.983894
10.990363
10.996087
11.002610
11.008414
11.015140
11.020879
11.027480
11.034055
11.040568
11.047380
11.053323
11.059276
11.065510
11.072096
11.077842
11.083504
11.089289
11.094903
11.100455
11.106249
11.112620
11.118317
11.123979
11.129682
11.135431
11.141823
11.148020
11.153767
11.160351
11.166059
11.172635
11.178439
11.184123
11.189889
11.196408
11.202631
11.208272
11.214933
11.220640
11.227449
11.233126
11.240212
11.246046
11.251679
11.257368
11.263079
11.269970
11.275714
11.281367
11.287311
11.293789
11.299872
11.305737
11.311475
11.318206
11.324963
11.331632
11.338720
11.344455
11.351586
11.357462
11.363468
11.370060
11.376722
11.383532
11.390243
11.396064
11.402526
11.408361
11.414943
11.421624
11.427632
11.433425
11.439369
11.445992
11.452055
11.458640
11.464439
11.471170
11.476875
11.483537
11.489323
11.495102
11.500858
11.507304
11.512863
11.518380
11.524762
11.531376
11.537957
11.544604
11.550545
11.556417
11.563095
11.569959
11.576548
11.582389
11.588097
11.593906
11.600384
11.605915
11.612465
11.618966
11.624815
11.630425
11.636003
11.641599
11.648270
11.654121
11.660635
11.666208
11.672528
11.678139
11.683742
11.689464
11.695157
11.700859
11.706620
11.712224
11.718916
11.724584
11.730295
11.736019
11.742534
11.748381
11.754123
11.760748
11.767396
11.773151
11.779795
11.785451
11.792412
11.798334
11.804021
11.810797
11.817325
11.822942
11.829719
11.836327
11.843347
11.849145
11.854881
11.860672
11.867499
11.874386
11.880008
11.886794
11.892803
11.898715
11.905292
11.911253
11.917336
11.922989
11.928674
11.934527
11.940578
11.946236
11.952825
11.958719
11.965332
11.971752
11.977506
11.984132
11.990047
11.996462
12.002178
12.007893
12.013773
12.019406
12.025103
12.030832
12.037286
12.043154
12.049049
12.055703
12.061565
12.067658
12.074316
12.080175
12.085934
12.091771
12.097416
12.103135
12.109892
12.116561
12.122270
12.128014
12.133851
12.139644
12.145355
12.152089
12.157931
12.164453
12.170031
12.176036
12.182657
12.189557
12.195462
12.201092
12.207970
12.213574
12.220164
12.226098
12.231896
12.237651
12.244041
12.250574
12.256308
12.262594
12.269478
12.276233
12.282314
12.289241
12.296010
12.301725
12.308348
12.314365
12.320237
12.326032
12.331663
12.337334
12.343598
12.350332
12.356835
12.363334
12.369101
12.374683
12.380332
12.386083
12.391744
12.398392
12.405109
12.410948
12.417401
12.422989
12.429526
12.435467
12.441247
12.446846
12.453596
12.459433
12.465249
12.471745
12.477429
12.483134
12.489481
12.495260
12.501604
12.507163
12.513623
12.519294
12.525182
12.530843
12.537401
12.542979
12.549617
12.555341
12.561366
12.567260
12.572861
12.578499
12.585087
12.591722
12.597444
12.603071
12.608699
12.614272
12.620018
12.625742
12.631412
12.638342
12.644957
12.650772
12.656440
12.663148
12.669675
12.675399
12.680957
12.686606
12.691625
12.696533
12.701445
12.707110
12.712770
12.717419
12.723612
12.729158
12.734820
12.741162
12.747020
12.751726
12.757013
12.762709
12.767742
12.773340
12.778920
12.784597
12.789640
12.794433
12.800425
12.806082
12.810775
12.816327
12.822631
12.828598
12.834332
12.840968
12.847025
12.852623
12.858287
12.864595
12.870418
12.876257
12.882679
12.888316
12.893868
12.899563
12.905235
12.911776
12.917500
12.924088
12.930667
12.936518
12.942163
12.947718
12.954370
12.960137
12.966860
12.972469
12.978840
12.984443
12.989924
12.996348
13.003134
13.009012
13.014593
13.020263
13.026539
13.033163
13.038806
13.044499
13.051145
13.058130
13.064181
13.069868
13.075523
13.081161
13.087257
13.092841
13.099283
13.105624
13.112473
13.118301
13.124113
13.129860
13.136547
13.142469
13.149158
13.154838
13.161580
13.167444
13.173698
13.179360
13.184999
13.190910
13.197436
13.203040
13.209591
13.216354
13.222116
13.228991
13.234713
13.240439
13.246994
13.252873
13.259578
13.265302
13.272047
13.277858
13.283616
13.289248
13.295905
13.302993
13.309023
13.315995
13.321755
13.328375
13.335041
13.341640
13.347621
13.353366
13.359042
13.365464
13.371146
13.377628
13.384278
13.390320
13.397146
13.403053
13.408936
13.414562
13.421319
13.427028
13.433490
13.440111
13.445906
13.452381
13.458099
13.463809
13.469627
13.476402
13.482701
13.488494
13.494313
13.500012
13.506478
13.512235
13.517939
13.524707
13.530569
13.537304
13.543310
13.549307
13.556017
13.562021
13.568487
13.574108
13.580649
13.587124
13.593577
13.599164
13.605765
13.612268
13.617994
13.624423
13.629986
13.635732
13.642456
13.648274
13.654645
13.660421
13.666975
13.672657
13.679283
13.684916
13.690598
13.697226
13.702982
13.709484
13.715096
13.720687
13.726446
13.732001
13.737544
13.743142
13.749460
13.756088
13.761621
13.767352
13.773016
13.779705
13.785355
13.792073
13.797906
13.803513
13.809089
13.814850
13.821395
13.827719
13.833563
13.839998
13.845712
13.852256
13.858639
13.864344
13.871097
13.876955
13.883625
13.889268
13.894964
13.900596
13.907437
13.914384
13.919992
13.926456
13.933074
13.940050
13.946649
13.952434
13.959173
13.965703
13.971405
13.977031
13.983692
13.989541
13.995148
14.001437
14.007657
14.013597
14.019162
14.025487
14.031874
14.037685
14.043671
14.050611
14.056508
14.062573
14.069221
14.074970
14.080579
14.087313
14.093067
14.098690
14.104396
14.110081
14.116579
14.123237
14.129580
14.136371
14.142144
14.148032
14.154814
14.160408
14.166241
14.172066
14.178775
14.184617
14.190687
14.197464
14.203980
14.209735
14.216235
14.222001
14.228666
14.234229
14.240808
14.246641
14.252437
14.259098
14.265565
14.271242
14.276795
14.282592
14.288150
14.293886
14.299643
14.305329
14.311080
14.316659
14.323372
14.329137
14.335931
14.342058
14.348707
14.354495
14.360048
14.365679
14.371382
14.377079
14.383764
14.389576
14.395484
14.401413
14.407988
14.414871
14.420806
14.427683
14.433538
14.440432
14.447334
14.453209
14.458954
14.464568
14.470161
14.476821
14.483592
14.489141
14.495491
14.501105
14.506892
14.512536
14.519251
14.524987
14.530971
14.537897
14.544687
14.550454
14.556476
14.563635
14.569390
14.575246
14.581604
14.588323
14.593939
14.600523
14.607288
14.612913
14.619573
14.625611
14.631691
14.637689
14.644226
14.650054
14.656748
14.662512
14.669339
14.675960
14.681803
14.687649
14.693386
14.699117
14.704887
14.710558
14.717365
14.723144
14.728854
14.734607
14.740552
14.747408
14.753161
14.759809
14.765522
14.771303
14.777345
14.784120
14.790621
14.796554
14.802709
14.809341
14.815757
14.821702
14.827402
14.833251
14.838873
14.844492
14.850609
14.856271
14.862105
14.867856
14.874661
14.881501
14.887580
14.893412
14.900307
14.906149
14.912076
14.918642
14.925281
14.931268
14.937056
14.943700
14.950507
14.956339
14.962597
14.968468
14.975354
14.981084
14.986768
14.992431
14.998118
15.004603
15.010610
15.020461
15.026584
15.033146
15.039602
15.045407
15.052320
15.058121
15.064242
15.070974
15.076917
15.083800
15.090452
15.096346
15.101950
15.108379
15.113956
15.120591
15.127039
15.132974
15.138961
15.145889
15.151574
15.158101
15.164005
15.170931
15.176741
15.183416
15.189266
15.195584
15.201197
15.207550
15.214218
15.220984
15.226886
15.232688
15.239482
15.246031
15.251746
15.257601
15.264321
15.270942
15.276536
15.282239
15.288607
15.294345
15.301067
15.306867
15.314153
15.320052
15.325752
15.332261
15.337945
15.344454
15.351071
15.357001
15.363649
15.370325
15.375982
15.381789
15.388537
15.395433
15.402283
15.408953
15.414690
15.421260
15.427310
15.433050
15.440205
15.447291
15.453125
15.459201
15.465836
15.472340
15.478137
15.484605
15.490373
15.496274
15.502966
15.509599
15.516417
15.522564
15.529066
15.534772
15.540530
15.547135
15.553920
15.559685
15.566309
15.573151
15.578847
15.585467
15.592043
15.598711
15.605390
15.611802
15.618391
15.623957
15.630432
15.636319
15.643048
15.649972
15.655966
15.662685
15.668404
15.675024
15.680757
15.686641
15.693575
15.699307
15.704947
15.711424
15.717121
15.723422
15.729883
15.735640
15.741596
15.747179
15.753600
15.759283
15.764930
15.770618
15.777269
15.783034
15.789713
15.795598
15.801184
15.807139
15.812959
15.819702
15.826664
15.832349
15.838136
15.844639
15.851353
15.857125
15.862857
15.868619
15.875301
15.881090
15.886892
15.892785
15.898600
15.905407
15.911572
15.917360
15.922995
15.928706
15.934378
15.941440
15.947096
15.952788
15.958668
15.965334
15.971084
15.976742
15.982558
15.988607
15.994612
16.001292
16.007031
16.013727
16.020218
16.025950
16.032667
16.038478
16.044251
16.051038
16.057641
16.064476
16.071119
16.077679
16.083365
16.089669
16.095581
16.101310
16.108039
16.114908
16.121034
16.127614
16.134462
16.140445
16.146394
16.153398
16.160294
16.166039
16.171791
16.177763
16.183719
16.190662
16.196636
16.203248
16.209701
16.215555
16.221456
16.227669
16.233597
16.240338
16.247105
16.252949
16.259968
16.265782
16.271573
16.277589
16.284202
16.290600
16.296504
16.303239
16.309303
16.315208
16.321162
16.327944
16.333970
16.340674
16.346398
16.352624
16.359395
16.365599
16.371253
16.377892
16.383713
16.390491
16.396433
16.402202
16.408083
16.413906
16.419556
16.425663
16.431376
16.437059
16.442789
16.448621
16.455225
16.460972
16.467692
16.473536
16.479395
16.485592
16.491251
16.496852
16.503366
16.509549
16.515215
16.520974
16.527422
16.533554
16.539132
16.545600
16.551242
16.556981
16.563811
16.570406
16.577268
16.584042
16.590566
16.596304
16.602013
16.608423
16.614910
16.620548
16.626570
16.632676
16.638703
16.645306
16.651058
16.657988
16.664636
16.670291
16.676604
16.682339
16.688163
16.693969
16.699585
16.706581
16.712397
16.717988
16.723741
16.730424
16.737173
16.743578
16.749615
16.756255
16.762036
16.768443
16.774302
16.780983
16.786865
16.793616
16.800261
16.807029
16.812859
16.819525
16.825345
16.831238
16.837655
16.844409
16.851183
16.857570
16.863456
16.870004
16.875684
16.882417
16.888117
16.895107
16.900964
16.907455
16.914158
16.920105
16.926722
16.932447
16.938589
16.944606
16.950321
16.956921
16.963462
16.969202
16.975095
16.981607
16.988479
16.995108
17.001672
17.007623
17.013428
17.019647
17.025277
17.031910
17.037724
17.044551
17.051379
17.057650
17.064516
17.070149
17.076605
17.082529
17.088635
17.094596
17.100610
17.106631
17.113720
17.120461
17.126696
17.133359
17.139348
17.145650
17.152413
17.158982
17.164684
17.171592
17.178375
17.185244
17.191102
17.196907
17.202564
17.208719
17.214610
17.220604
17.226622
17.233450
17.239634
17.245387
17.251176
17.257990
17.263875
17.269592
17.276479
17.282294
17.288934
17.294550
17.301276
17.307571
17.313249
17.319565
17.326101
17.332583
17.339220
17.345009
17.351645
17.357243
17.362908
17.369518
17.375881
17.382428
17.388316
17.395128
17.401447
17.408109
17.413885
17.420583
17.427289
17.433284
17.439591
17.446268
17.452083
17.458553
17.465310
17.471608
17.477677
17.483438
17.489239
17.494884
17.501492
17.508155
17.513881
17.520660
17.526390
17.532048
17.538545
17.544517
17.550602
17.556574
17.562742
17.569541
17.575433
17.582386
17.588360
17.594172
17.600927
17.606521
17.613259
17.619851
17.626742
17.633986
17.640632
17.646467
17.652639
17.658508
17.664626
17.670360
17.676745
17.682416
17.689435
17.695450
17.701665
17.708378
17.714096
17.720833
17.727413
17.733830
17.739521
17.745267
17.751108
17.756824
17.762459
17.768090
17.774481
17.781139
17.786953
17.793725
17.799609
17.805608
17.811442
17.817629
17.823591
17.829207
17.835809
17.841649
17.848197
17.854627
17.860384
17.867429
17.873223
17.879008
17.885030
17.891728
17.898404
17.904602
17.911208
17.917965
17.924759
17.931393
17.937640
17.943596
17.949636
17.955404
17.961288
17.967624
17.973709
17.979610
17.985625
17.991469
17.997444
18.003634
18.010275
18.016051
18.022632
18.029370
18.035209
18.041047
18.046917
18.053769
18.060797
18.066783
18.073574
18.080441
18.086694
18.093452
18.099282
18.105996
18.111812
18.117589
18.123583
18.129714
18.136423
18.142374
18.148064
18.154594
18.161109
18.167022
18.173556
18.179342
18.186021
18.192801
18.199439
18.205253
18.211940
18.218683
18.225447
18.231307
18.237614
18.243222
18.249892
18.256356
18.262270
18.268784
18.274475
18.281000
18.287673
18.294294
18.300595
18.306485
18.313368
18.319171
18.325686
18.331416
18.338074
18.343972
18.350678
18.357479
18.364327
18.369986
18.376505
18.383288
18.389305
18.396256
18.402308
18.408045
18.414620
18.421267
18.427585
18.434564
18.440517
18.447169
18.453059
18.459768
18.465668
18.471425
18.477675
18.483399
18.489377
18.495164
18.500908
18.507398
18.513773
18.519626
18.526354
18.532008
18.537890
18.544555
18.550382
18.556207
18.563128
18.569218
18.575620
18.582329
18.588867
18.595441
18.602315
18.608131
18.615077
18.621056
18.627723
18.633454
18.639076
18.645672
18.651739
18.657704
18.664521
18.670339
18.676065
18.681858
18.687742
18.694534
18.700425
18.707242
18.713647
18.720391
18.726043
18.732705
18.739412
18.746136
18.753038
18.759716
18.766456
18.773108
18.779591
18.786288
18.792571
18.798629
18.804601
18.810731
18.816611
18.822640
18.828708
18.834611
18.840614
18.846613
18.853205
18.859651
18.866405
18.873499
18.880063
18.887075
18.893629
18.900399
18.906816
18.913456
18.919205
18.925673
18.932511
18.939375
18.945594
18.951348
18.958106
18.964904
18.971923
18.978614
18.984369
18.990624
18.997299
19.003493
19.010398
19.016404
19.023347
19.029101
19.035623
19.041721
19.048658
19.055607
19.062586
19.068599
19.075071
19.081593
19.088324
19.095207
19.102251
19.108101
19.114963
19.121742
19.128561
19.135532
19.141734
19.147845
19.153695
19.160541
19.166591
19.173336
19.179334
19.185710
19.191619
19.197642
19.204438
19.210208
19.216074
19.223123
19.229841
19.236386
19.242365
19.248620
19.254611
19.260634
19.267272
19.274283
19.281171
19.287682
19.294161
19.300612
19.306481
19.312561
19.318464
19.325477
19.331409
19.338315
19.344633
19.350700
19.357344
19.363184
19.369897
19.375675
19.381493
19.388388
19.395384
19.401270
19.407981
19.414823
19.421529
19.428127
19.434608
19.441354
19.446993
19.453581
19.460497
19.467418
19.473638
19.479791
19.485592
19.492618
19.499402
19.506143
19.512596
19.518611
19.524711
19.531408
19.537616
19.544374
19.551039
19.557666
19.564403
19.571323
19.577972
19.584805
19.590662
19.596620
19.603157
19.609664
19.615750
19.622345
19.628288
19.635225
19.641160
19.647655
19.653650
19.659650
19.665594
19.672095
19.677885
19.684346
19.690600
19.697299
19.704023
19.710610
19.716684
19.722683
19.728659
19.734465
19.740605
19.746388
19.752952
19.759638
19.765584
19.772376
19.778949
19.785697
19.792262
19.799222
19.805864
19.812745
19.818616
19.825584
19.831376
19.838146
19.845159
19.851151
19.857592
19.864432
19.871095
19.877013
19.883861
19.890746
19.896696
19.903276
19.909679
19.916716
19.923476
19.930043
19.937274
19.943182
19.950065
19.956111
19.962063
19.967964
19.974665
19.981345
19.987503
19.994337
20.000262
20.007158
20.014083
20.019902
20.032368
20.038180
20.045140
20.052418
20.058396
20.064640
20.070713
20.077397
20.083244
20.089159
20.095174
20.101959
20.107991
20.114671
20.121422
20.127519
20.134203
20.140067
20.146448
20.153340
20.159928
20.166622
20.173301
20.180083
20.186957
20.193633
20.200346
20.206998
20.213496
20.220318
20.226327
20.232623
20.238684
20.244620
20.250655
20.256629
20.262433
20.269259
20.276084
20.282644
20.289373
20.295621
20.301702
20.307722
20.313821
20.320480
20.327294
20.333118
20.339870
20.346599
20.352638
20.358767
20.365416
20.371325
20.377607
20.384505
20.391402
20.397108
20.403832
20.410491
20.417348
20.424085
20.430607
20.436536
20.442626
20.448647
20.455270
20.461133
20.467634
20.474381
20.479991
20.486786
20.493570
20.499656
20.505620
20.511643
20.517605
20.523333
20.530073
20.536795
20.543772
20.550608
20.556705
20.562687
20.568712
20.574723
20.580468
20.586394
20.592641
20.598651
20.604607
20.610324
20.617031
20.623521
20.629609
20.635482
20.642356
20.649230
20.655020
20.661711
20.667578
20.673702
20.679606
20.685753
20.692366
20.698632
20.704556
20.711591
20.717468
20.724334
20.730657
20.736630
20.742653
20.748652
20.754628
20.760636
20.767321
20.773525
20.779397
20.785269
20.791057
20.797996
20.805024
20.811777
20.817718
20.823727
20.830587
20.836475
20.842741
20.849299
20.855610
20.861445
20.868276
20.874178
20.881120
20.887319
20.893707
20.899600
20.905301
20.912084
20.918160
20.924670
20.931318
20.937310
20.944222
20.950654
20.956700
20.962775
20.969450
20.976412
20.983330
20.989338
20.995644
21.002342
21.008124
21.014161
21.021090
21.028100
21.034819
21.041514
21.047438
21.053516
21.060649
21.066585
21.073300
21.079655
21.085414
21.091637
21.097658
21.103630
21.109633
21.115661
21.121383
21.128226
21.134842
21.142000
21.148426
21.154622
21.160704
21.166669
21.172627
21.178642
21.184749
21.191046
21.198018
21.204670
21.211457
21.218241
21.224160
21.231013
21.238049
21.244615
21.251563
21.258401
21.265376
21.271590
21.277635
21.283615
21.290121
21.296660
21.303870
21.309903
21.316724
21.322705
21.328450
21.335308
21.341958
21.348815
21.355660
21.362177
21.368658
21.375475
21.381451
21.388382
21.394640
21.400626
21.406607
21.412620
21.418603
21.424430
21.430626
21.436409
21.442076
21.447879
21.454548
21.461375
21.467271
21.473305
21.480022
21.487021
21.493093
21.499611
21.505338
21.512017
21.518601
21.524449
21.530410
21.537315
21.543202
21.549628
21.556434
21.562565
21.569472
21.576441
21.582390
21.589157
21.595649
21.601655
21.607650
21.613735
21.620395
21.626565
21.633529
21.640388
21.647089
21.653737
21.660696
21.667444
21.673586
21.679405
21.685772
21.691556
21.697760
21.704457
21.711215
21.717666
21.724650
21.730577
21.737171
21.743115
21.749133
21.756042
21.763044
21.769965
21.776762
21.782665
21.789575
21.795421
21.801286
21.807611
21.814418
21.820655
21.826632
21.833338
21.839297
21.846026
21.852982
21.859660
21.866414
21.872687
21.878919
21.885821
21.892716
21.898808
21.905624
21.912508
21.919395
21.925678
21.931703
21.938470
21.944675
21.951624
21.958379
21.964622
21.970698
21.976722
21.982695
21.988773
21.994763
22.001898
22.008660
22.015514
22.021645
22.027626
22.033640
22.039724
22.045849
22.052774
22.058756
22.066036
22.072661
22.078713
22.085479
22.091760
22.097938
22.104582
22.111434
22.118274
22.125032
22.131973
22.138685
22.144663
22.150659
22.156650
22.162650
22.168613
22.174518
22.180762
22.186689
22.192609
22.199579
22.205616
22.211300
22.217313
22.224311
22.231330
22.237624
22.243653
22.249650
22.255627
22.261403
22.267679
22.273621
22.280164
22.286670
22.293548
22.300519
22.307111
22.313144
22.320082
22.326910
22.333636
22.340439
22.347286
22.353913
22.360702
22.367518
22.374433
22.381220
22.387624
22.394122
22.400964
22.406755
22.413888
22.419814
22.426590
22.433454
22.440457
22.447501
22.453648
22.459752
22.466496
22.473434
22.480422
22.486510
22.493122
22.499688
22.506678
22.513446
22.519620
22.526398
22.533322
22.540389
22.546973
22.553496
22.560607
22.566498
22.572608
22.579364
22.585587
22.592529
22.599544
22.606595
22.612454
22.618463
22.625299
22.632272
22.638665
22.645405
22.651405
22.657297
22.663166
22.669749
22.676527
22.683362
22.689296
22.696381
22.702467
22.708670
22.714617
22.720771
22.727279
22.733246
22.739177
22.745157
22.751076
22.757027
22.764117
22.769999
22.776709
22.783604
22.789572
22.795508
22.802456
22.809465
22.815485
22.822474
22.828587
22.834808
22.841632
22.848525
22.855379
22.861754
22.868455
22.875401
22.882613
22.888512
22.894668
22.900625
22.906408
22.912618
22.918623
22.924830
22.931846
22.938617
22.944621
22.951333
22.957731
22.964440
22.971487
22.978616
22.984688
22.990728
22.997380
23.003233
23.009060
23.015288
23.022009
23.027929
23.034656
23.041454
23.047480
23.054302
23.061477
23.067461
23.074490
23.081267
23.087253
23.094002
23.100588
23.106525
23.113296
23.120148
23.126120
23.132941
23.140125
23.146446
23.152322
23.158363
23.165208
23.172064
23.178083
23.185138
23.191593
23.198294
23.204085
23.209990
23.216450
23.222486
23.229424
23.236443
23.242646
23.248656
23.254676
23.260617
23.266641
23.272752
23.278638
23.284444
23.290627
23.296737
23.303534
23.309405
23.316217
23.322055
23.328693
23.335608
23.342345
23.349329
23.355342
23.362468
23.369234
23.375660
23.382578
23.389393
23.395165
23.400970
23.407858
23.414896
23.421858
23.428657
23.434626
23.440619
23.447182
23.453611
23.460375
23.467420
23.473627
23.479622
23.485691
23.491540
23.497408
23.503762
23.510348
23.517076
23.522993
23.529551
23.536430
23.542400
23.548603
23.555486
23.562519
23.569420
23.575440
23.581310
23.587376
23.593437
23.600306
23.606178
23.612652
23.619564
23.626365
23.632568
23.638469
23.644681
23.650615
23.656657
23.662635
23.668696
23.674666
23.680691
23.686618
23.692648
23.698631
23.705347
23.711338
23.717704
23.724565
23.731386
23.737593
23.744138
23.750960
23.756943
23.763778
23.770597
23.777467
23.783582
23.790423
23.797229
23.803603
23.810490
23.817478
23.824265
23.830595
23.837358
23.844132
23.850640
23.857402
23.863566
23.869631
23.875607
23.881283
23.887644
23.893706
23.899646
23.905630
23.911445
23.918218
23.924590
23.931403
23.938400
23.944347
23.950621
23.956648
23.962648
23.968614
23.974349
23.981049
23.986860
23.993331
23.999153
24.005627
24.012526
24.019263
24.025221
24.032073
24.038646
24.045762
24.052389
24.058704
24.064889
24.071606
24.077639
24.084447
24.091251
24.097626
24.103653
24.109465
24.115647
24.121381
24.127053
24.133753
24.140616
24.146519
24.152465
24.158826
24.165787
24.172694
24.179596
24.185605
24.191494
24.197611
24.203571
24.210486
24.216127
24.222827
24.229674
24.235488
24.241531
24.248512
24.254457
24.260667
24.266502
24.273461
24.280472
24.286571
24.293484
24.299391
24.305602
24.312481
24.319228
24.325632
24.331690
24.337712
24.343638
24.349616
24.355416
24.361672
24.367636
24.373749
24.379556
24.385441
24.391663
24.397616
24.404177
24.410099
24.416624
24.423546
24.430271
24.436696
24.442467
24.448585
24.454623
24.460711
24.466618
24.472648
24.478649
24.484635
24.491198
24.497095
24.503649
24.510496
24.517257
24.523629
24.529445
24.536314
24.543251
24.550288
24.556616
24.563484
24.569616
24.576367
24.583019
24.589839
24.595580
24.602362
24.609451
24.616319
24.622605
24.629389
24.635322
24.641479
24.647279
24.654359
24.661209
24.667595
24.673734
24.680407
24.686345
24.693319
24.700209
24.705912
24.712434
24.718599
24.724750
24.730577
24.737589
24.743324
24.750170
24.756964
24.763691
24.769807
24.775751
24.782267
24.788019
24.794489
24.801059
24.807796
24.814482
24.820962
24.827700
24.834331
24.840228
24.847238
24.854097
24.860598
24.867357
24.873304
24.879997
24.887047
24.893710
24.900588
24.907462
24.914088
24.921079
24.927657
24.934440
24.941261
24.948078
24.955072
24.961672
24.968509
24.974274
24.981025
24.987826
24.993579
25.000065
25.006598
25.012348
25.019093
25.025963
25.044538
25.050462
25.057209
25.064424
25.070638
25.076711
25.083622
25.089658
25.096413
25.102312
25.109268
25.115598
25.121474
25.128337
25.134336
25.141088
25.147900
25.154527
25.160513
25.166504
25.173162
25.179182
25.185240
25.191079
25.197568
25.204230
25.210143
25.217179
25.223597
25.230529
25.237352
25.244413
25.250629
25.256633
25.263359
25.269246
25.275153
25.281662
25.288624
25.295481
25.301643
25.307808
25.313736
25.320357
25.327507
25.334492
25.341244
25.347527
25.354585
25.361577
25.368447
25.375179
25.382502
25.388516
25.394498
25.401111
25.407952
25.413967
25.420467
25.427200
25.433200
25.439665
25.446526
25.453379
25.459368
25.466179
25.472696
25.478674
25.484636
25.491294
25.497067
25.503689
25.509607
25.516726
25.523441
25.529630
25.535661
25.541647
25.547617
25.554374
25.561490
25.567667
25.574424
25.581085
25.587984
25.594611
25.601456
25.608151
25.614977
25.621491
25.627124
25.633590
25.640275
25.647020
25.653701
25.660494
25.667243
25.673609
25.680462
25.687497
25.694487
25.701389
25.707425
25.713268
25.719243
25.725616
25.732527
25.739411
25.745966
25.752502
25.759348
25.765270
25.772138
25.778082
25.784881
25.791459
25.798439
25.805417
25.811326
25.817651
25.824430
25.830300
25.837001
25.843731
25.850414
25.856623
25.863120
25.869660
25.876449
25.883251
25.890022
25.896610
25.903228
25.910221
25.916822
25.923432
25.930305
25.936276
25.942648
25.949384
25.955227
25.961627
25.967639
25.973628
25.979663
25.985474
25.991692
25.997437
26.004008
26.009917
26.016411
26.022208
26.028151
26.034936
26.040755
26.047454
26.054346
26.060931
26.066136
26.072293
26.078128
26.084314
26.090104
26.095109
26.101267
26.107557
26.113128
26.118970
26.124609
26.129641
26.135812
26.141592
26.146672
26.152500
26.158322
26.164042
26.169117
26.174103
26.180308
26.185496
26.192035
26.198741
26.204665
26.210626
26.216515
26.222370
26.228300
26.234815
26.240676
26.246424
26.252700
26.258450
26.264489
26.270689
26.276602
26.282609
26.289310
26.295111
26.301054
26.307267
26.313639
26.320542
26.327321
26.334078
26.339890
26.345984
26.353104
26.359948
26.366691
26.372641
26.379371
26.385399
26.391280
26.397163
26.404137
26.410663
26.417383
26.423152
26.429923
26.436073
26.442635
26.448440
26.454532
26.461544
26.468426
26.474354
26.480156
26.486083
26.492577
26.498588
26.504577
26.510352
26.517103
26.523702
26.530458
26.537219
26.543281
26.550405
26.557475
26.564616
26.570712
26.576419
26.582401
26.588665
26.594628
26.600628
26.607287
26.613134
26.619651
26.625483
26.632515
26.639436
26.645646
26.651732
26.657799
26.663790
26.670635
26.677575
26.684050
26.690584
26.696362
26.702234
26.709169
26.715116
26.721206
26.727976
26.733891
26.740773
26.747722
26.753467
26.759343
26.765658
26.772135
26.778664
26.785587
26.792393
26.799274
26.806069
26.813135
26.819241
26.826213
26.833024
26.839873
26.846677
26.852729
26.858809
26.864998
26.872004
26.878849
26.885731
26.891702
26.897772
26.903708
26.909624
26.916238
26.922790
26.928693
26.934521
26.941536
26.948405
26.954477
26.961657
26.968750
26.975784
26.982788
26.989470
26.995226
27.002155
27.008651
27.014659
27.020677
27.026710
27.032708
27.038550
27.045481
27.052572
27.058788
27.065847
27.071593
27.078553
27.084476
27.091483
27.098587
27.105642
27.112759
27.119417
27.125650
27.131619
27.137781
27.144010
27.151183
27.157646
27.164391
27.170460
27.176218
27.183249
27.189514
27.196372
27.202487
27.208354
27.215279
27.221640
27.228280
27.234118
27.240694
27.247468
27.254272
27.260601
27.267440
27.273167
27.279948
27.286693
27.293482
27.299675
27.306174
27.312659
27.319788
27.326633
27.332707
27.338696
27.345465
27.352429
27.359346
27.366133
27.372960
27.379456
27.386413
27.393077
27.398896
27.405535
27.411796
27.418670
27.425355
27.431432
27.437397
27.443646
27.450365
27.456567
27.463454
27.470352
27.477184
27.483206
27.489079
27.496103
27.503240
27.510261
27.516205
27.522034
27.528753
27.535680
27.542704
27.549681
27.555597
27.561599
27.568339
27.574362
27.581433
27.587654
27.593718
27.600454
27.606724
27.613581
27.620515
27.627765
27.634768
27.641480
27.647652
27.653526
27.660143
27.667085
27.673695
27.680474
27.686754
27.692482
27.699436
27.706483
27.712494
27.719367
27.725625
27.731628
27.738371
27.744247
27.750090
27.755957
27.762679
27.768507
27.775395
27.781330
27.788326
27.794248
27.800750
27.806727
27.813835
27.820796
27.826745
27.832654
27.839465
27.846118
27.853062
27.860050
27.866984
27.872929
27.879662
27.886684
27.893418
27.899964
27.905982
27.911886
27.917633
27.923600
27.930267
27.936552
27.942789
27.949652
27.956731
27.963337
27.969116
27.975129
27.981248
27.987987
27.994865
28.001472
28.008324
28.015096
28.021802
28.028684
28.034689
28.040623
28.046706
28.053701
28.060587
28.067330
28.073262
28.079858
28.085896
28.092455
28.099361
28.106136
28.112069
28.118703
28.125709
28.132847
28.139733
28.146636
28.153558
28.160182
28.167101
28.174212
28.181321
28.188075
28.195006
28.201630
28.208372
28.214620
28.220434
28.226655
28.232515
28.238430
28.244657
28.250441
28.256667
28.262510
28.268667
28.274680
28.280435
28.287357
28.294205
28.300761
28.307579
28.313457
28.319656
28.326291
28.332996
28.339975
28.346713
28.352643
28.358639
28.365298
28.371524
28.378335
28.384234
28.391226
28.397002
28.403813
28.409708
28.415646
28.421618
28.427719
28.434449
28.440532
28.446616
28.453493
28.460244
28.466421
28.472694
28.478655
28.484752
28.491394
28.497253
28.503353
28.510650
28.517452
28.523639
28.529743
28.536317
28.542177
28.549262
28.556306
28.562650
28.568652
28.574655
28.580455
28.586630
28.592440
28.599342
28.605470
28.612360
28.619274
28.625661
28.631712
28.637764
28.643564
28.649656
28.655619
28.661637
28.667631
28.674348
28.680605
28.687713
28.694384
28.700737
28.706602
28.712645
28.718700
28.724614
28.730663
28.736641
28.742655
28.749375
28.755612
28.762787
28.769770
28.775930
28.782626
28.788473
28.795390
28.801389
28.808397
28.814761
28.821668
28.828546
28.835529
28.842514
28.849481
28.856432
28.862643
28.868651
28.874654
28.881205
28.887629
28.894366
28.901255
28.908077
28.914966
28.920990
28.927717
28.934670
28.941579
28.948415
28.954628
28.961479
28.967572
28.974453
28.981499
28.988449
28.995122
29.001981
29.007934
29.014830
29.021667
29.028348
29.034173
29.040215
29.046130
29.052803
29.058876
29.065841
29.072458
29.078664
29.084714
29.091470
29.097567
29.103378
29.110100
29.116656
29.123560
29.129694
29.135837
29.142965
29.150214
29.156638
29.162643
29.168468
29.175152
29.181716
29.188894
29.195668
29.202703
29.209537
29.216486
29.222644
29.228727
29.234710
29.240662
29.247461
29.253668
29.260590
29.267471
29.273642
29.279489
29.285661
29.291662
29.297414
29.303674
29.309606
29.315500
29.321357
29.327670
29.334355
29.340532
29.346515
29.353623
29.360699
29.366577
29.372626
29.378427
29.384427
29.391157
29.398096
29.404679
29.411649
29.418631
29.425437
29.432354
29.438266
29.444789
29.451371
29.457334
29.464451
29.471396
29.478300
29.484254
29.491325
29.497380
29.504349
29.510662
29.516737
29.522626
29.528617
29.535470
29.541732
29.548843
29.555629
29.562751
29.569741
29.576719
29.583697
29.589679
29.596516
29.603288
29.609742
29.615773
29.621709
29.628269
29.634703
29.641501
29.648304
29.654255
29.660835
29.666826
29.673698
29.680549
29.687409
29.693619
29.699726
29.705673
29.711609
29.718374
29.724300
29.730310
29.736268
29.742223
29.748658
29.755623
29.762438
29.768664
29.774705
29.780716
29.786725
29.792781
29.800034
29.806157
29.812649
29.819386
29.825600
29.832407
29.839504
29.846615
29.852472
29.858629
29.864639
29.870656
29.876753
29.883723
29.890536
29.896271
29.902066
29.908832
29.915785
29.921754
29.927737
29.934358
29.941516
29.948311
29.954645
29.960727
29.966634
29.973505
29.979371
29.985246
29.991962
29.998949
30.006062
30.012596
30.018325
30.025247
30.032106
30.038620
30.048946
30.055898
30.062062
30.067963
30.075017
30.081817
30.087823
30.093697
30.100766
30.106736
30.112750
30.119580
30.125645
30.131651
30.137634
30.143646
30.150292
30.156141
30.162650
30.169407
30.176030
30.182678
30.189356
30.196174
30.203205
30.209622
30.216355
30.223364
30.229484
30.236277
30.242626
30.248482
30.254713
30.260622
30.266642
30.273394
30.280376
30.286427
30.293141
30.299257
30.305635
30.311688
30.317799
30.324537
30.331598
30.337716
30.344559
30.350613
30.357305
30.364246
30.369975
30.376665
30.383433
30.389380
30.395477
30.401649
30.407661
30.414543
30.420394
30.426285
30.432439
30.438500
30.445221
30.452417
30.458725
30.465664
30.471576
30.477494
30.484360
30.490352
30.497435
30.504243
30.511237
30.517345
30.524156
30.530705
30.537478
30.543435
30.550130
30.556974
30.563694
30.570429
30.577344
30.584088
30.589821
30.596427
30.602631
30.608721
30.615335
30.621604
30.628418
30.635332
30.642004
30.647953
30.654513
30.661407
30.668174
30.674272
30.680616
30.686727
30.692627
30.698660
30.705295
30.711622
30.718437
30.725258
30.732019
30.737975
30.744562
30.751470
30.758255
30.765039
30.770907
30.776607
30.783164
30.789494
30.796357
30.803218
30.810151
30.816968
30.823748
30.830465
30.836225
30.842991
30.849993
30.856412
30.863142
30.869038
30.875721
30.882382
30.888471
30.895285
30.901095
30.907962
30.914560
30.920660
30.927419
30.934342
30.940579
30.947454
30.954139
30.961012
30.967971
30.974470
30.980289
30.987037
30.994133
31.000961
31.007462
31.013689
31.020389
31.026669
31.033706
31.040454
31.047326
31.054478
31.061574
31.068196
31.074974
31.082224
31.088722
31.094602
31.101279
31.107669
31.113773
31.120706
31.127521
31.134271
31.141498
31.147909
31.154586
31.160777
31.167637
31.173666
31.179663
31.186621
31.193441
31.199713
31.205595
31.211713
31.218683
31.225709
31.232344
31.238703
31.245506
31.252475
31.258702
31.265700
31.271823
31.278780
31.285975
31.292802
31.299908
31.307231
31.313658
31.319646
31.325626
31.331744
31.338432
31.344706
31.351684
31.358516
31.365091
31.370896
31.377699
31.384878
31.391717
31.397720
31.404485
31.410671
31.417750
31.424763
31.431407
31.438453
31.445432
31.451408
31.457655
31.463695
31.469603
31.476349
31.483173
31.489709
31.496548
31.503496
31.510211
31.517330
31.523767
31.529603
31.535632
31.542255
31.549472
31.555907
31.562742
31.569411
31.576332
31.582337
31.589349
31.595230
31.601652
31.607518
31.613654
31.620163
31.626663
31.633396
31.640411
31.647264
31.654204
31.661084
31.667685
31.674576
31.681486
31.688323
31.695076
31.701669
31.708709
31.715433
31.721636
31.727615
31.733649
31.739630
31.745571
31.751745
31.758556
31.765564
31.772379
31.779410
31.785691
31.792746
31.799697
31.806449
31.813511
31.820422
31.827337
31.833268
31.839223
31.846260
31.853159
31.859612
31.865473
31.871714
31.877704
31.883787
31.890901
31.897632
31.903378
31.910218
31.916717
31.923472
31.930511
31.937645
31.944557
31.951434
31.957500
31.964371
31.971092
31.976934
31.984018
31.990734
31.997401
32.004082
32.011010
32.017741
32.024618
32.031516
32.038416
32.045533
32.052325
32.059170
32.065631
32.072517
32.078345
32.084909
32.090643
32.097352
32.103202
32.109157
32.115948
32.121764
32.128504
32.134868
32.141581
32.148392
32.155357
32.162445
32.169374
32.176200
32.182997
32.189985
32.195760
32.202367
32.208530
32.215529
32.222448
32.229020
32.235525
32.242527
32.249441
32.256270
32.263144
32.269118
32.275651
32.282402
32.289163
32.296084
32.303032
32.309801
32.316773
32.323672
32.330318
32.336588
32.343048
32.349636
32.356256
32.363076
32.369089
32.375942
32.381943
32.388033
32.394602
32.400398
32.407154
32.413131
32.419627
32.426457
32.433019
32.438926
32.445914
32.452778
32.458700
32.465673
32.471656
32.478445
32.484640
32.491575
32.498481
32.504605
32.510565
32.516773
32.522728
32.529588
32.535453
32.542613
32.548337
32.554008
32.560728
32.567440
32.573698
32.579746
32.586823
32.593701
32.600489
32.606631
32.612640
32.618729
32.625292
32.631642
32.638878
32.645608
32.652565
32.659613
32.666348
32.672304
32.678696
32.684759
32.690700
32.697398
32.703267
32.709068
32.715749
32.722821
32.729649
32.736596
32.743565
32.750296
32.756261
32.763106
32.770252
32.777330
32.783139
32.789605
32.795606
32.801672
32.808341
32.814238
32.820641
32.827451
32.834216
32.840632
32.846760
32.852668
32.858620
32.864618
32.870366
32.877089
32.883053
32.889094
32.895673
32.902646
32.909444
32.915235
32.921994
32.928769
32.935790
32.942729
32.948724
32.954436
32.960614
32.966493
32.972305
32.979147
32.985705
32.992622
32.999412
33.005621
33.011627
33.017649
33.023725
33.029695
33.035648
33.042461
33.049468
33.055647
33.061713
33.067648
33.074405
33.080712
33.086705
33.092698
33.098734
33.104644
33.111627
33.118754
33.125573
33.131628
33.137713
33.143869
33.150919
33.156897
33.163723
33.170418
33.176638
33.182660
33.188722
33.194774
33.201828
33.208797
33.215436
33.222150
33.228945
33.235922
33.242517
33.248672
33.254614
33.260663
33.266621
33.272719
33.279546
33.285595
33.292388
33.298785
33.305728
33.311919
33.318778
33.325766
33.332686
33.338703
33.344646
33.350681
33.356692
33.362720
33.369602
33.375619
33.382458
33.389323
33.395313
33.401823
33.407737
33.414718
33.421537
33.428477
33.435282
33.441669
33.448679
33.455434
33.461252
33.468151
33.474137
33.481456
33.488588
33.495671
33.502636
33.509328
33.515650
33.521619
33.527627
33.533484
33.540409
33.547473
33.554512
33.560557
33.567489
33.573611
33.580423
33.587432
33.593414
33.599995
33.606556
33.613353
33.620161
33.626658
33.632665
33.639265
33.645703
33.652615
33.659343
33.665802
33.671699
33.677408
33.683662
33.689665
33.695649
33.701633
33.707633
33.714273
33.720610
33.727875
33.734777
33.741882
33.749088
33.755617
33.762406
33.769307
33.776183
33.782483
33.789297
33.795178
33.802048
33.808670
33.815534
33.821638
33.827596
33.833634
33.839654
33.846320
33.852252
33.859325
33.866364
33.873317
33.879691
33.886680
33.893583
33.900335
33.907176
33.914464
33.920394
33.927141
33.933962
33.941118
33.947684
33.954425
33.960660
33.967673
33.974471
33.980647
33.986475
33.993377
34.000478
34.007427
34.014434
34.021307
34.027748
34.034639
34.041619
34.048586
34.055438
34.061828
34.068994
34.075962
34.082895
34.088682
34.095317
34.101654
34.108526
34.115232
34.121978
34.129000
34.135861
34.141811
34.147676
34.154819
34.161861
34.168874
34.175709
34.182538
34.189380
34.196118
34.202649
34.208633
34.215325
34.222240
34.228241
34.234686
34.241462
34.247275
34.254057
34.261214
34.268433
34.274473
34.280644
34.286477
34.292702
34.298842
34.305617
34.312801
34.319816
34.326999
34.334181
34.340652
34.346681
34.352734
34.359462
34.366436
34.372651
34.379564
34.385612
34.391631
34.397721
34.403593
34.410392
34.417157
34.424006
34.430731
34.436496
34.442666
34.449261
34.455647
34.462412
34.469433
34.476255
34.483181
34.490008
34.496614
34.502625
34.509325
34.516085
34.522835
34.529648
34.536363
34.543152
34.550096
34.555863
34.562750
34.569347
34.576252
34.583339
34.589955
34.596623
34.603384
34.610461
34.616621
34.622605
34.628639
34.634753
34.641746
34.648474
34.655401
34.661685
34.667621
34.673642
34.679621
34.685757
34.692283
34.699198
34.706352
34.712624
34.718700
34.724665
34.730674
34.736761
34.743582
34.749690
34.756714
34.763378
34.769672
34.775691
34.781663
34.787841
34.794835
34.801690
34.808609
34.814858
34.820594
34.827386
34.834381
34.841347
34.847652
34.853674
34.859623
34.866075
34.872686
34.878702
34.885528
34.892354
34.898239
34.904635
34.910646
34.916640
34.922694
34.928678
34.934750
34.941341
34.947649
34.954559
34.961328
34.967669
34.973732
34.979447
34.985681
34.991658
34.997647
35.003658
35.009733
35.016618
35.022627
35.028537
35.035555
35.042524
35.048626
35.060004
35.067090
35.074244
35.081528
35.087615
35.094338
35.100469
35.107406
35.114476
35.121242
35.128218
35.135431
35.141678
35.147833
35.153876
35.160774
35.166555
35.173449
35.180283
35.186454
35.192662
35.198624
35.204627
35.210714
35.216711
35.222564
35.229328
35.236132
35.243096
35.249635
35.256555
35.263530
35.270461
35.276645
35.282678
35.288670
35.294561
35.300711
35.306617
35.313345
35.319284
35.325656
35.332401
35.339215
35.345640
35.351647
35.357432
35.363722
35.370463
35.377429
35.384224
35.390644
35.396701
35.402613
35.408709
35.415335
35.421666
35.428388
35.435552
35.442453
35.449535
35.456642
35.462725
35.469295
35.475951
35.482974
35.489434
35.495640
35.502206
35.508517
35.515633
35.522596
35.529536
35.536375
35.543432
35.550298
35.557556
35.564663
35.571722
35.578689
35.585491
35.592367
35.599404
35.606476
35.613170
35.620086
35.627269
35.633721
35.639702
35.646565
35.653387
35.659705
35.666508
35.672744
35.679454
35.686819
35.693666
35.700445
35.707332
35.714431
35.720616
35.726753
35.732594
35.738682
35.744721
35.750696
35.756715
35.763522
35.770626
35.777704
35.784652
35.791601
35.798499
35.804757
35.811649
35.818618
35.825376
35.831642
35.838538
35.845323
35.852293
35.858735
35.865661
35.872411
35.879144
35.885608
35.892158
35.898677
35.905616
35.912615
35.919674
35.926618
35.933450
35.939588
35.946493
35.953123
35.960035
35.966618
35.972608
35.979369
35.986316
35.992775
35.999910
36.007118
36.014161
36.020612
36.026718
36.032618
36.038513
36.044722
36.050632
36.056727
36.062883
36.069554
36.076630
36.083660
36.090616
36.097375
36.104340
36.110612
36.116722
36.123502
36.130317
36.136846
36.143747
36.149696
36.155472
36.161660
36.167624
36.173475
36.180158
36.187033
36.193573
36.199235
36.205792
36.212380
36.218595
36.225353
36.231901
36.238587
36.245352
36.251635
36.257705
36.264372
36.270607
36.277398
36.284301
36.290704
36.296616
36.303465
36.310505
36.317381
36.323633
36.329659
36.335633
36.342266
36.348640
36.355380
36.362312
36.368955
36.375630
36.381461
36.388363
36.395304
36.401611
36.407454
36.414223
36.420703
36.427731
36.434523
36.440604
36.446661
36.452627
36.459353
36.466282
36.473318
36.479627
36.486263
36.492621
36.498287
36.505023
36.511878
36.518616
36.525329
36.532098
36.538944
36.545615
36.551590
36.558502
36.564637
36.571421
36.578078
36.584679
36.591483
36.598242
36.605242
36.611621
36.617703
36.623669
36.630180
36.636155
36.642779
36.649741
36.656595
36.662635
36.668630
36.674641
36.680367
36.686790
36.693414
36.700093
36.706622
36.713322
36.719613
36.726395
36.733340
36.740267
36.747103
36.754002
36.760979
36.767750
36.773512
36.779668
36.785611
36.792166
36.798754
36.805614
36.812430
36.818668
36.824605
36.830352
36.836755
36.842577
36.849143
36.856001
36.862691
36.869723
36.875604
36.882438
36.889489
36.896488
36.902622
36.909510
36.916774
36.923605
36.930426
36.936727
36.943634
36.950419
36.957359
36.964450
36.971585
36.978604
36.985548
36.992298
36.998606
37.005303
37.011659
37.018684
37.025664
37.032564
37.039647
37.046607
37.053558
37.060793
37.066636
37.073408
37.079112
37.085841
37.092525
37.099520
37.106391
37.112226
37.118960
37.124626
37.131446
37.138657
37.145826
37.152726
37.159395
37.165256
37.171566
37.178447
37.184786
37.190606
37.196658
37.203374
37.210390
37.217395
37.224375
37.231376
37.237733
37.244514
37.251145
37.257994
37.264924
37.272042
37.279105
37.286513
37.293208
37.299995
37.306679
37.313636
37.320635
37.327699
37.334579
37.341595
37.348390
37.355248
37.361702
37.367641
37.374330
37.381235
37.387849
37.394798
37.401683
37.408666
37.415350
37.421611
37.427647
37.434493
37.441308
37.448430
37.455127
37.461674
37.468567
37.475429
37.481651
37.487617
37.494361
37.501404
37.508450
37.515134
37.522137
37.528664
37.535607
37.542748
37.549626
37.556254
37.562433
37.568493
37.573560
37.579282
37.585163
37.591105
37.596080
37.601197
37.606974
37.612734
37.618493
37.624309
37.630517
37.636698
37.642800
37.648851
37.654954
37.660346
37.666205
37.672155
37.677957
37.682761
37.689433
37.696079
37.702854
37.709553
37.715657
37.722278
37.728643
37.735408
37.742143
37.748630
37.755260
37.762158
37.769032
37.775641
37.782175
37.788973
37.795511
37.801125
37.807629
37.814408
37.820667
37.826684
37.832639
37.838433
37.844715
37.850616
37.856696
37.862620
37.869577
37.876436
37.882721
37.889705
37.896747
37.903925
37.910581
37.917461
37.924372
37.931449
37.938611
37.945444
37.951537
37.958463
37.964653
37.970455
37.976692
37.982658
37.988641
37.994642
38.000713
38.007663
38.014541
38.020722
38.027530
38.033663
38.039634
38.046601
38.053725
38.060827
38.066706
38.072600
38.078707
38.085544
38.092448
38.099009
38.105631
38.112428
38.119333
38.126175
38.132056
38.138935
38.145771
38.152391
38.159170
38.164972
38.171685
38.177450
38.183642
38.189629
38.195628
38.201626
38.207378
38.213639
38.219640
38.225616
38.231629
38.237598
38.244238
38.250604
38.257563
38.264494
38.270634
38.276637
38.282536
38.288711
38.294583
38.300676
38.306823
38.312892
38.319584
38.325443
38.332146
38.339235
38.345647
38.351632
38.357622
38.363722
38.369717
38.375766
38.382973
38.389757
38.395940
38.402799
38.408657
38.414730
38.420902
38.426988
38.433993
38.441112
38.447668
38.453632
38.460275
38.466718
38.473515
38.480481
38.487053
38.492808
38.499444
38.506272
38.513157
38.518987
38.525635
38.532335
38.538618
38.545580
38.552381
38.559458
38.566428
38.573337
38.579608
38.585655
38.591448
38.597733
38.604345
38.611137
38.617664
38.624461
38.630603
38.636766
38.642898
38.649033
38.656018
38.662959
38.669595
38.676570
38.682618
38.689634
38.696391
38.702654
38.708648
38.714618
38.720644
38.726665
38.732537
38.738661
38.744703
38.750634
38.757326
38.763649
38.770568
38.777455
38.784302
38.791429
38.798634
38.805685
38.812688
38.819412
38.825670
38.831683
38.838342
38.844516
38.851123
38.858064
38.864440
38.871021
38.877585
38.884273
38.891161
38.896989
38.903645
38.909603
38.916335
38.922649
38.929406
38.936343
38.942647
38.948716
38.954531
38.960670
38.966716
38.972663
38.978672
38.984676
38.990621
38.997281
39.004133
39.011166
39.017707
39.024371
39.031326
39.038018
39.045089
39.052106
39.059311
39.066356
39.072648
39.079430
39.086231
39.092637
39.098666
39.104636
39.110626
39.116255
39.122655
39.128637
39.134625
39.141145
39.147754
39.154568
39.161285
39.166929
39.173674
39.179736
39.185938
39.193100
39.200185
39.206762
39.213295
39.219651
39.225670
39.231651
39.238648
39.245394
39.251720
39.257660
39.263663
39.269727
39.275417
39.281655
39.287613
39.294256
39.300706
39.307700
39.314610
39.321574
39.328380
39.335218
39.341634
39.347646
39.353548
39.359340
39.365758
39.371667
39.378260
39.384521
39.391579
39.398496
39.405448
39.412232
39.419397
39.425641
39.431647
39.438540
39.445616
39.451608
39.458437
39.464620
39.470657
39.476629
39.482630
39.488724
39.494617
39.500726
39.507500
39.514733
39.521430
39.528271
39.535537
39.541594
39.548604
39.554600
39.561706
39.568697
39.575456
39.582410
39.588618
39.595395
39.601063
39.608045
39.613843
39.619584
39.626451
39.633504
39.640685
39.647643
39.653635
39.659705
39.665711
39.672423
39.679514
39.686606
39.692429
39.698663
39.704652
39.710649
39.716604
39.723532
39.730342
39.737414
39.744057
39.750980
39.758206
39.764650
39.771498
39.777308
39.784215
39.791349
39.797730
39.804495
39.810552
39.817272
39.824256
39.830628
39.836709
39.842611
39.849546
39.856168
39.863140
39.869034
39.875871
39.882737
39.889610
39.896384
39.903057
39.909897
39.917014
39.922789
39.929463
39.935447
39.941653
39.948248
39.954681
39.961733
39.967761
39.974574
39.980724
39.986647
39.992643
39.998632
40.004663
40.010628
40.016795
40.022789
40.029720
40.035684
40.041501
40.048530
40.055567
40.064591
40.071605
40.078641
40.085478
40.092362
40.098662
40.105501
40.112358
40.118617
40.124667
40.130616
40.136678
40.142629
40.148654
40.155566
40.162443
40.168601
40.175362
40.181644
40.187701
40.193649
40.199609
40.205368
40.211665
40.217650
40.223637
40.229621
40.235650
40.241630
40.247486
40.254151
40.260609
40.267434
40.274252
40.280492
40.287174
40.293967
40.300803
40.307646
40.314549
40.321334
40.327642
40.334489
40.341269
40.348321
40.355277
40.361545
40.368161
40.375171
40.381095
40.388081
40.394008
40.400797
40.406503
40.412614
40.419183
40.425710
40.432414
40.439289
40.445601
40.452173
40.459094
40.466073
40.471897
40.478450
40.485016
40.490842
40.496628
40.502632
40.509202
40.515762
40.522616
40.529320
40.535586
40.542379
40.549358
40.556350
40.562646
40.568686
40.574621
40.581078
40.587653
40.594339
40.601364
40.607645
40.613632
40.619653
40.625636
40.631669
40.637625
40.643456
40.650436
40.656704
40.663478
40.670249
40.676619
40.682629
40.688653
40.694650
40.700649
40.706651
40.712637
40.718644
40.725142
40.731537
40.738454
40.745229
40.750977
40.757675
40.764182
40.770972
40.777788
40.783587
40.790414
40.796641
40.802677
40.808652
40.815373
40.822238
40.829319
40.835629
40.841441
40.848108
40.854987
40.861594
40.867513
40.874427
40.881171
40.888083
40.895033
40.901709
40.907681
40.913733
40.920334
40.926653
40.933596
40.940393
40.946633
40.953281
40.960210
40.967352
40.973635
40.979723
40.985705
40.991635
40.997630
41.003721
41.009694
41.015673
41.021745
41.028582
41.035447
41.042364
41.048659
41.054727
41.061607
41.067500
41.074467
41.081497
41.088137
41.095384
41.102522
41.109531
41.115335
41.122259
41.129207
41.135152
41.141614
41.147882
41.153954
41.159855
41.166349
41.172622
41.179562
41.186292
41.192660
41.198632
41.204636
41.210634
41.216716
41.222726
41.228827
41.234698
41.240567
41.247257
41.254115
41.261060
41.267652
41.273433
41.279693
41.285658
41.291639
41.297747
41.304713
41.311641
41.318427
41.325477
41.332450
41.339425
41.345289
41.351971
41.358741
41.365574
41.372283
41.378631
41.384879
41.391679
41.398719
41.405554
41.411388
41.417678
41.423646
41.429648
41.435740
41.442322
41.449375
41.456227
41.462626
41.468819
41.475732
41.482685
41.489600
41.496718
41.503660
41.510654
41.517678
41.524403
41.531321
41.537694
41.544469
41.551325
41.558354
41.564697
41.570655
41.576638
41.582720
41.589314
41.595698
41.602676
41.609364
41.615652
41.621703
41.627736
41.634509
41.640609
41.646659
41.652637
41.659558
41.665641
41.671468
41.678428
41.685495
41.691606
41.697727
41.704334
41.711263
41.718167
41.724833
41.731623
41.737646
41.744569
41.751447
41.757699
41.763597
41.769761
41.776450
41.783419
41.790360
41.796711
41.802847
41.809885
41.816846
41.823624
41.829644
41.835313
41.841631
41.847734
41.853595
41.859676
41.865489
41.871651
41.877604
41.883623
41.890174
41.896785
41.903497
41.910352
41.916137
41.922864
41.928593
41.935525
41.942416
41.949350
41.955586
41.961601
41.967571
41.974038
41.980725
41.987616
41.994537
42.001318
42.008386
42.015471
42.022260
42.029353
42.036103
42.042907
42.049656
42.055528
42.062475
42.069647
42.075507
42.081807
42.089019
42.096137
42.102692
42.108633
42.115256
42.121541
42.128408
42.135382
42.141635
42.148159
42.154922
42.160909
42.167847
42.174753
42.181448
42.188339
42.195101
42.200853
42.207766
42.214620
42.221516
42.228322
42.234637
42.240722
42.246599
42.252707
42.259344
42.266140
42.272681
42.279442
42.285668
42.291628
42.297520
42.303676
42.309764
42.316426
42.323327
42.330295
42.336690
42.343407
42.349496
42.356317
42.363322
42.370095
42.376946
42.383882
42.390660
42.396635
42.403307
42.410301
42.416715
42.423624
42.430588
42.437525
42.444249
42.451054
42.458066
42.465051
42.471662
42.478466
42.485387
42.491458
42.498418
42.504650
42.510726
42.516727
42.523438
42.530366
42.537361
42.543274
42.549695
42.556496
42.562666
42.569594
42.576479
42.582607
42.589371
42.596352
42.603351
42.609673
42.615630
42.621737
42.628275
42.634591
42.641499
42.648491
42.654371
42.661286
42.668356
42.674141
42.681107
42.687606
42.694391
42.700711
42.707599
42.714223
42.720621
42.726652
42.732612
42.738625
42.744657
42.750639
42.756639
42.762717
42.769478
42.775731
42.782758
42.789692
42.795713
42.802663
42.809912
42.816772
42.823350
42.830314
42.837422
42.843677
42.849676
42.856427
42.863497
42.870444
42.877149
42.884237
42.891472
42.897219
42.903921
42.909613
42.915582
42.922174
42.927919
42.934754
42.941612
42.948363
42.954656
42.960770
42.967375
42.974583
42.981748
42.987773
42.995003
43.001683
43.008624
43.015558
43.022454
43.029262
43.035629
43.041641
43.047646
43.053725
43.059802
43.066755
43.072642
43.079553
43.086218
43.092671
43.098653
43.104743
43.111394
43.118385
43.125382
43.131644
43.138670
43.144629
43.151704
43.158665
43.164819
43.171869
43.178898
43.185598
43.191726
43.197754
43.204658
43.211494
43.217264
43.223667
43.230389
43.236647
43.242712
43.249711
43.256592
43.263381
43.269667
43.275701
43.281697
43.288506
43.294718
43.301887
43.307853
43.314763
43.321397
43.328424
43.335460
43.342236
43.349101
43.356082
43.362629
43.369163
43.375674
43.382418
43.389303
43.395657
43.401647
43.407463
43.413669
43.419676
43.425683
43.432504
43.439487
43.445715
43.452580
43.459179
43.466100
43.472983
43.478820
43.485652
43.492377
43.499428
43.506490
43.513181
43.519657
43.526375
43.533424
43.540284
43.546381
43.553604
43.560811
43.566646
43.572629
43.578467
43.584614
43.591355
43.597578
43.604448
43.611436
43.618162
43.624967
43.630929
43.636995
43.643750
43.650674
43.656743
43.663787
43.670819
43.677605
43.684598
43.690511
43.697355
43.704239
43.710476
43.717336
43.724173
43.730692
43.737527
43.743660
43.749577
43.755719
43.761682
43.767627
43.773641
43.779454
43.785617
43.791720
43.798464
43.804628
43.810555
43.817395
43.824350
43.830601
43.836722
43.843649
43.849411
43.856499
43.863471
43.869674
43.875683
43.881807
43.888993
43.895837
43.902604
43.908521
43.915200
43.922156
43.929472
43.936264
43.943237
43.950048
43.956629
43.963548
43.970461
43.977154
43.983715
43.989752
43.996356
44.002602
44.009343
44.016484
44.023184
44.030142
44.037200
44.043666
44.049628
44.055650
44.061971
44.068690
44.075456
44.082467
44.089129
44.095957
44.101923
44.109081
44.115621
44.122536
44.129092
44.135799
44.142679
44.148653
44.154611
44.160749
44.166617
44.172614
44.178650
44.184747
44.191386
44.198312
44.204638
44.211366
44.217580
44.223618
44.229630
44.235650
44.241724
44.248488
44.255271
44.262289
44.268939
44.275628
44.282530
44.289376
44.296022
44.302535
44.309526
44.316358
44.322994
44.328937
44.335527
44.341639
44.348631
44.355319
44.361613
44.367703
44.373750
44.380348
44.387241
44.393132
44.400150
44.406542
44.413279
44.419688
44.426551
44.433381
44.440090
44.446909
44.453588
44.460326
44.466999
44.472882
44.479349
44.485720
44.492722
44.499557
44.505452
44.511703
44.517720
44.524324
44.531035
44.538064
44.544661
44.550670
44.557559
44.564269
44.570637
44.577362
44.583597
44.590427
44.597305
44.604296
44.610635
44.617116
44.623953
44.630714
44.637392
44.644037
44.650812
44.657440
44.664328
44.670134
44.676712
44.682571
44.689583
44.696518
44.702604
44.709343
44.715469
44.722389
44.729406
44.735324
44.742394
44.748659
44.755317
44.762003
44.768838
44.775488
44.782511
44.789234
44.796142
44.802529
44.809348
44.816443
44.823400
44.829625
44.835641
44.841618
44.848121
44.854648
44.861681
44.868495
44.874657
44.880282
44.886614
44.892752
44.898595
44.904694
44.910444
44.916590
44.922585
44.928656
44.935304
44.941654
44.948558
44.955721
44.962363
44.969275
44.975108
44.982100
44.988882
44.995982
45.003130
45.009687
45.015655
45.022172
45.028664
45.035574
45.041433
45.048465
45.055553
45.061629
45.067716
45.073702
45.079756
45.085800
45.091632
45.098284
45.104684
45.111628
45.118337
45.124063
45.130879
45.137986
45.144924
45.151715
45.158453
45.165447
45.171795
45.178675
45.185655
45.191498
45.198352
45.205427
45.211633
45.217613
45.223729
45.230348
45.236704
45.243465
45.250211
45.256638
45.262453
45.268635
45.275446
45.282323
45.289231
45.295719
45.302500
45.309564
45.315334
45.321665
45.328391
45.334628
45.340655
45.346749
45.352717
45.358621
45.364644
45.370276
45.376733
45.383641
45.390279
45.397285
45.403649
45.409627
45.415615
45.421612
45.428122
45.434935
45.441942
45.448674
45.455633
45.461461
45.468458
45.475569
45.482426
45.489611
45.496790
45.503712
45.510643
45.517420
45.524404
45.530688
45.536635
45.542755
45.549430
45.556339
45.563466
45.570282
45.576280
45.582615
45.589447
45.596415
45.602298
45.609145
45.616141
45.623035
45.629629
45.635676
45.641614
45.648288
45.654671
45.661528
45.668404
45.674803
45.681887
45.689015
45.695681
45.702480
45.708426
45.715423
45.721684
45.728457
45.735182
45.742178
45.749219
45.755010
45.761765
45.768471
45.774263
45.781316
45.787642
45.794639
45.801427
45.808490
45.815325
45.821670
45.828506
45.834293
45.841012
45.846618
45.852645
45.859406
45.866168
45.872661
45.878621
45.884700
45.890608
45.896461
45.902652
45.908637
45.914653
45.921354
45.927659
45.934564
45.941490
45.948158
45.955408
45.962509
45.969479
45.976507
45.983303
45.989606
45.995571
46.001649
46.008167
46.014703
46.021641
46.028416
46.035174
46.042243
46.049450
46.056176
46.063375
46.070492
46.076650
46.083178
46.089092
46.095620
46.102332
46.109142
46.115658
46.121649
46.127636
46.133729
46.139690
46.145621
46.152383
46.159139
46.165630
46.172384
46.178621
46.185499
46.192305
46.199251
46.205635
46.211476
46.218123
46.224999
46.231631
46.238542
46.245554
46.252710
46.259566
46.266260
46.273133
46.279781
46.285446
46.292320
46.299056
46.304921
46.311719
46.318440
46.325180
46.331627
46.337637
46.343726
46.349636
46.355669
46.362296
46.369073
46.376043
46.382674
46.389572
46.396400
46.403357
46.409950
46.416816
46.423705
46.430605
46.437654
46.444568
46.450724
46.457749
46.464762
46.471682
46.478366
46.484648
46.490634
46.496662
46.503418
46.510424
46.516617
46.523364
46.529232
46.535604
46.541462
46.547657
46.553672
46.559842
46.566661
46.573422
46.580216
46.586626
46.592433
46.598666
46.604681
46.610615
46.617280
46.623182
46.629691
46.636711
46.643487
46.650268
46.657227
46.663150
46.670168
46.676602
46.683356
46.689448
46.695643
46.702377
46.709133
46.715609
46.722528
46.729476
46.736454
46.742728
46.749427
46.756344
46.762571
46.769461
46.775709
46.781664
46.787640
46.794371
46.801495
46.808351
46.815010
46.822063
46.828590
46.835277
46.842139
46.848946
46.855814
46.862339
46.868643
46.874662
46.881289
46.888064
46.894664
46.901434
46.907630
46.913638
46.919644
46.925678
46.931733
46.938554
46.945357
46.951344
46.958393
46.965303
46.971667
46.978511
46.984392
46.991130
46.998056
47.004998
47.011636
47.017363
47.024068
47.030610
47.036598
47.042681
47.080557
47.086702
47.093754
47.100767
47.106899
47.113575
47.119375
47.126096
47.132916
47.139552
47.145854
47.152449
47.159368
47.165998
47.172814
47.178722
47.184678
47.191415
47.198032
47.204794
47.211495
47.217615
47.224155
47.230704
47.236722
47.243617
47.250340
47.256974
47.263629
47.270406
47.277541
47.284479
47.291573
47.297742
47.304629
47.310790
47.317581
47.324413
47.331452
47.337643
47.343637
47.349438
47.355657
47.361623
47.367645
47.374326
47.380650
47.387575
47.394401
47.401116
47.408400
47.415507
47.421674
47.428661
47.435759
47.442572
47.449460
47.456229
47.463437
47.469629
47.475722
47.482320
47.489123
47.496158
47.502715
47.508715
47.515456
47.521612
47.528350
47.535316
47.541668
47.548303
47.554970
47.561695
47.568675
47.575734
47.582605
47.588744
47.595613
47.602398
47.609158
47.616046
47.621843
47.628597
47.635335
47.642049
47.649072
47.655441
47.661904
47.668701
47.675351
47.681894
47.688473
47.695197
47.702257
47.709294
47.715980
47.721973
47.728745
47.735567
47.742390
47.748949
47.755470
47.762335
47.768255
47.775042
47.781793
47.787540
47.793652
47.799642
47.806378
47.813608
47.819620
47.826349
47.833074
47.838958
47.845631
47.852558
47.859337
47.865594
47.872408
47.879093
47.885853
47.892638
47.898456
47.904659
47.910632
47.916638
47.922643
47.928628
47.934738
47.940626
47.946691
47.952487
47.959059
47.965674
47.972670
47.979583
47.985376
47.991360
47.998203
48.004307
48.011290
48.018375
48.024726
48.031672
48.037524
48.043773
48.051030
48.057683
48.063603
48.069487
48.075637
48.081308
48.087648
48.093621
48.099658
48.105621
48.111625
48.118446
48.124660
48.131475
48.138430
48.144951
48.151705
48.158712
48.165495
48.171660
48.177770
48.183618
48.190392
48.196705
48.203660
48.210499
48.216622
48.222697
48.228621
48.234649
48.240610
48.246721
48.253649
48.260641
48.267420
48.273603
48.279631
48.285686
48.291702
48.298836
48.305853
48.311889
48.318767
48.325326
48.331636
48.338644
48.345599
48.352487
48.358322
48.364184
48.370995
48.377926
48.384938
48.390984
48.397623
48.403386
48.409108
48.415967
48.422978
48.429716
48.435639
48.441684
48.447657
48.453731
48.459435
48.466256
48.472714
48.479875
48.486659
48.492448
48.498158
48.504902
48.510607
48.517509
48.523372
48.529270
48.536496
48.542676
48.549610
48.556568
48.563706
48.570472
48.576649
48.582630
48.588644
48.594692
48.600751
48.607659
48.614524
48.621443
48.627182
48.633898
48.639587
48.646445
48.653513
48.659420
48.666445
48.672300
48.679002
48.684819
48.690668
48.697353
48.703605
48.710353
48.717488
48.723619
48.729635
48.735662
48.741733
48.748454
48.755552
48.761468
48.768407
48.774647
48.780658
48.786730
48.792888
48.799866
48.806748
48.813682
48.819498
48.826043
48.833268
48.839853
48.846715
48.852520
48.858643
48.864621
48.870633
48.876715
48.882657
48.888677
48.894666
48.900698
48.907456
48.914085
48.921331
48.928072
48.935140
48.942184
48.948666
48.954768
48.961372
48.968546
48.975618
48.981444
48.987647
48.993625
48.999648
49.006477
49.012819
49.019915
49.026761
49.032602
49.038636
49.044733
49.050404
49.056730
49.062681
49.069509
49.076493
49.082769
49.089728
49.095719
49.101764
49.108848
49.115637
49.121360
49.128069
49.134680
49.140592
49.147608
49.153816
49.159924
49.166800
49.173652
49.180553
49.187412
49.194434
49.200677
49.206622
49.212641
49.218689
49.224667
49.230638
49.236737
49.243440
49.249461
49.256524
49.263513
49.270138
49.276964
49.283657
49.290468
49.296678
49.303429
49.310509
49.316622
49.323417
49.329299
49.336094
49.343016
49.350035
49.356474
49.362630
49.368752
49.374599
49.381170
49.387909
49.394614
49.401371
49.407631
49.413682
49.420503
49.427696
49.434639
49.441558
49.448338
49.454617
49.461298
49.467705
49.474579
49.480779
49.488053
49.495000
49.501877
49.508796
49.515641
49.522369
49.528705
49.535793
49.542776
49.548616
49.554446
49.560828
49.566733
49.572573
49.579397
49.586304
49.592257
49.598660
49.605632
49.612675
49.619625
49.626399
49.632741
49.638632
49.645429
49.652403
49.658470
49.664682
49.671573
49.678586
49.685902
49.692787
49.699948
49.707018
49.713652
49.719620
49.725706
49.731607
49.737605
49.743653
49.750361
49.756650
49.763580
49.770372
49.777389
49.784722
49.791657
49.798671
49.805569
49.812429
49.818716
49.825448
49.831473
49.837287
49.844311
49.851409
49.857668
49.864629
49.870752
49.877791
49.884748
49.890859
49.896668
49.902660
49.908723
49.915391
49.922107
49.929184
49.936383
49.943242
49.950278
49.956630
49.962723
49.968652
49.974408
49.980587
49.986563
49.992727
49.998702
50.005544
50.012533
50.019466
50.026070
50.033013
50.039928
50.045857
50.052513
50.058895
50.065969
50.072896
50.087004
50.092862
50.098582
50.104366
50.111167
50.118343
50.124110
50.130006
50.136734
50.143631
50.150594
50.157379
50.163656
50.170410
50.177686
50.184450
50.190670
50.197584
50.204658
50.211812
50.217784
50.223853
50.231025
50.238384
50.244722
50.250631
50.256737
50.263633
50.270310
50.277211
50.283603
50.289641
50.295630
50.301663
50.307713
50.313678
50.319663
50.325691
50.331718
50.337616
50.344272
50.350622
50.357390
50.364240
50.370616
50.376634
50.382619
50.388329
50.394632
50.400644
50.406641
50.412644
50.419316
50.425685
50.432544
50.439300
50.445671
50.452471
50.459276
50.466325
50.472620
50.478646
50.485290
50.491648
50.498732
50.505558
50.512243
50.519252
50.526286
50.533031
50.540223
50.547523
50.553686
50.559827
50.566716
50.572652
50.579621
50.585404
50.592198
50.598955
50.605693
50.612423
50.618912
50.625684
50.632450
50.638748
50.645571
50.652289
50.658645
50.664736
50.670625
50.677509
50.684388
50.691441
50.697725
50.704459
50.710632
50.717286
50.724292
50.730630
50.736632
50.742442
50.748635
50.754749
50.760595
50.766626
50.772442
50.778674
50.784623
50.791282
50.798297
50.804704
50.811562
50.817613
50.824509
50.831305
50.838358
50.844666
50.850714
50.856731
50.863395
50.869640
50.876632
50.883326
50.890283
50.897377
50.904370
50.911043
50.917965
50.925036
50.930930
50.937942
50.944629
50.951398
50.958491
50.965126
50.971940
50.979257
50.985648
50.991634
50.997656
51.004370
51.010612
51.017551
51.024453
51.031279
51.038269
51.045529
51.052660
51.059997
51.066677
51.072617
51.079425
51.086104
51.092665
51.099388
51.105688
51.111710
51.118361
51.125086
51.131859
51.138620
51.145741
51.152473
51.158683
51.165477
51.172472
51.179403
51.185970
51.191772
51.197586
51.203379
51.209164
51.214926
51.220740
51.226074
51.231249
51.237277
51.243320
51.249339
51.255505
51.260542
51.266638
51.272310
51.278111
51.283903
51.289726
51.295220
51.301143
51.307138
51.314092
51.321059
51.327609
51.334480
51.341424
51.348292
51.354691
51.360609
51.366644
51.372655
51.379267
51.385707
51.392622
51.399365
51.405634
51.411626
51.417650
51.424170
51.431153
51.437401
51.444326
51.450652
51.456667
51.463249
51.469263
51.475676
51.482524
51.489318
51.495065
51.501601
51.508362
51.515354
51.522055
51.528856
51.535634
51.541835
51.548864
51.555678
51.561604
51.568372
51.575391
51.582229
51.588647
51.594682
51.600670
51.606669
51.612656
51.618436
51.624653
51.630650
51.636760
51.643482
51.649678
51.656449
51.662169
51.668902
51.675629
51.681641
51.687636
51.693647
51.700263
51.707385
51.713601
51.720351
51.727025
51.733564
51.740356
51.747101
51.753044
51.759642
51.765628
51.771730
51.778465
51.785301
51.791631
51.798613
51.805518
51.812513
51.819356
51.825670
51.831635
51.837651
51.844263
51.851032
51.857621
51.864324
51.870621
51.877379
51.884051
51.891024
51.896826
51.903570
51.910331
51.917051
51.923832
51.930350
51.937378
51.944214
51.951164
51.957642
51.963659
51.969497
51.976180
51.983149
51.990150
51.996709
52.003495
52.009679
52.016464
52.023228
52.029620
52.035630
52.041643
52.047633
52.053653
52.059426
52.065625
52.071638
52.077614
52.084268
52.090637
52.096305
52.103088
52.110037
52.116584
52.123297
52.130179
52.137157
52.143672
52.149680
52.155617
52.161717
52.168678
52.175358
52.182394
52.189048
52.195967
52.202718
52.209413
52.215602
52.222379
52.229463
52.236351
52.242639
52.248659
52.255240
52.261674
52.268698
52.275637
52.282596
52.289372
52.296344
52.302653
52.308637
52.315293
52.322541
52.328783
52.335642
52.341644
52.347452
52.353684
52.359638
52.365750
52.372508
52.378616
52.385792
52.392693
52.399497
52.405756
52.412500
52.419255
52.425560
52.432118
52.438998
52.445944
52.452625
52.458694
52.464621
52.470742
52.477346
52.483668
52.490499
52.497346
52.504359
52.511516
52.518502
52.525633
52.532812
52.539649
52.545491
52.551677
52.557650
52.564603
52.570576
52.577275
52.583709
52.590765
52.597338
52.603061
52.609950
52.617100
52.623697
52.630586
52.637388
52.644465
52.651402
52.657763
52.664733
52.671622
52.677711
52.684409
52.691588
52.697543
52.704519
52.711276
52.717597
52.724485
52.730737
52.737658
52.744386
52.750624
52.756619
52.762638
52.768682
52.774631
52.780636
52.786632
52.792662
52.798638
52.805180
52.811657
52.818578
52.825667
52.832731
52.839610
52.846353
52.852234
52.859011
52.864946
52.871653
52.878537
52.884586
52.891323
52.897631
52.903692
52.909644
52.915305
52.921657
52.927621
52.933729
52.939641
52.945533
52.952357
52.958666
52.965692
52.972428
52.978665
52.984635
52.990734
52.997418
53.004607
53.011671
53.017631
53.024335
53.030681
53.037757
53.044745
53.050920
53.058087
53.065178
53.071683
53.077651
53.083629
53.089753
53.095694
53.102520
53.108601
53.115607
53.122490
53.128632
53.134796
53.141934
53.148057
53.154952
53.161479
53.168305
53.174742
53.182044
53.188722
53.195592
53.201259
53.208203
53.215134
53.221604
53.228431
53.234202
53.240591
53.247558
53.254319
53.260282
53.267043
53.274233
53.281510
53.287268
53.294025
53.301181
53.307739
53.313863
53.320566
53.327468
53.334421
53.341213
53.347619
53.353470
53.360281
53.367019
53.373519
53.380206
53.386116
53.392705
53.399508
53.406554
53.413467
53.419354
53.425682
53.431631
53.437737
53.444302
53.450655
53.457535
53.463319
53.470373
53.476637
53.482826
53.489877
53.497203
53.503698
53.509721
53.515718
53.521761
53.528743
53.535475
53.542458
53.549442
53.556448
53.563532
53.569403
53.576347
53.583374
53.590450
53.596391
53.603020
53.609020
53.615641
53.622637
53.629482
53.635603
53.641428
53.647659
53.653628
53.659671
53.666535
53.672392
53.679452
53.685828
53.692786
53.698537
53.705250
53.712374
53.719578
53.725650
53.731434
53.738350
53.745262
53.751689
53.758463
53.765273
53.772006
53.779101
53.785610
53.792437
53.799393
53.806291
53.812663
53.818648
53.825165
53.831095
53.837631
53.844440
53.851168
53.857659
53.863444
53.869672
53.875625
53.882384
53.889176
53.895076
53.901680
53.908496
53.915124
53.922073
53.929215
53.935736
53.942662
53.949276
53.956198
53.962772
53.969266
53.975603
53.981646
53.987633
53.993643
54.000211
54.007042
54.013652
54.020426
54.027076
54.032916
54.039628
54.046640
54.052672
54.059823
54.066930
54.073760
54.079685
54.086628
54.093341
54.100358
54.106727
54.113673
54.120416
54.127414
54.134521
54.141397
54.147486
54.154419
54.161393
54.167980
54.174520
54.180602
54.187533
54.194302
54.200183
54.206639
54.212665
54.218621
54.224648
54.230655
54.236486
54.242693
54.248596
54.255255
54.261665
54.268514
54.275435
54.282140
54.288973
54.296115
54.302806
54.309625
54.316142
54.322938
54.329483
54.335600
54.342409
54.348430
54.355406
54.362486
54.369269
54.376079
54.382964
54.389581
54.395638
54.401633
54.408316
54.414648
54.421635
54.428345
54.434542
54.440633
54.446723
54.452587
54.459594
54.466723
54.473605
54.480540
54.487364
54.494183
54.500683
54.506603
54.512648
54.518769
54.525412
54.532093
54.538576
54.545484
54.552047
54.557917
54.564478
54.571326
54.578051
54.584680
54.590592
54.597376
54.604091
54.610930
54.617476
54.623606
54.630302
54.636508
54.643344
54.650261
54.656731
54.663587
54.670377
54.677401
54.683715
54.690303
54.697156
54.703698
54.710597
54.717451
54.723244
54.729980
54.736516
54.742327
54.748901
54.755685
54.761634
54.767618
54.774145
54.780639
54.787395
54.794227
54.800707
54.807435
54.814355
54.821292
54.827647
54.833662
54.839615
54.845625
54.852297
54.858600
54.865547
54.872446
54.879161
54.885144
54.892242
54.899321
54.905119
54.911882
54.918616
54.925421
54.932179
54.938647
54.944721
54.951325
54.958252
54.965031
54.971599
54.978149
54.984947
54.990615
54.996694
55.003455
55.010233
55.016606
55.023379
55.030122
55.037008
55.043774
55.049558
55.056541
55.063353
55.070183
55.075959
55.081760
55.090788
55.097670
55.103646
55.109658
55.115443
55.122280
55.127857
55.134533
55.140655
55.147998
55.154010
55.160689
55.167456
55.173561
55.180686
55.187748
55.194336
55.201296
55.207730
55.214509
55.220668
55.227268
55.234062
55.240610
55.247336
55.253881
55.260429
55.267169
55.273687
55.280390
55.287075
55.293038
55.300173
55.306840
55.313632
55.319477
55.325640
55.331636
55.338086
55.344692
55.350707
55.357573
55.364296
55.370142
55.376619
55.382638
55.388600
55.394660
55.400639
55.406482
55.412642
55.418651
55.424532
55.431221
55.437682
55.444582
55.451394
55.458277
55.465176
55.472166
55.478623
55.484652
55.490676
55.496732
55.502707
55.508705
55.514792
55.521673
55.528258
55.535012
55.541747
55.548463
55.555138
55.562324
55.568008
55.574976
55.580947
55.587597
55.594341
55.600957
55.607762
55.613622
55.619658
55.625632
55.632205
55.639310
55.646238
55.652678
55.658661
55.664634
55.670645
55.677387
55.684394
55.691539
55.697686
55.703697
55.709804
55.715734
55.721599
55.727739
55.734304
55.741424
55.747403
55.753683
55.760591
55.767438
55.774253
55.781080
55.787006
55.793825
55.801001
55.807922
55.814741
55.820635
55.826632
55.832716
55.839558
55.846350
55.853200
55.859620
55.865645
55.871675
55.877666
55.883468
55.889711
55.895635
55.901598
55.908320
55.914888
55.921932
55.928828
55.934911
55.941655
55.948476
55.955421
55.962358
55.969491
55.976680
55.983380
55.989641
55.996556
56.003279
56.009736
56.015574
56.021651
56.027664
56.033710
56.039703
56.046647
56.053712
56.059545
56.066371
56.072642
56.078638
56.084626
56.090657
56.096636
56.102675
56.108693
56.114678
56.120643
56.126632
56.132700
56.138815
56.144718
56.151297
56.157652
56.164421
56.171420
56.178167
56.185168
56.192211
56.198730
56.205730
56.211748
56.218581
56.225155
56.231637
56.238479
56.245514
56.252478
56.258300
56.265017
56.270697
56.276681
56.282649
56.288690
56.294736
56.300712
56.306542
56.312622
56.318643
56.325222
56.331701
56.338586
56.344474
56.351390
56.358085
56.364949
56.371815
56.378866
56.384837
56.391805
56.398615
56.405690
56.411703
56.417662
56.424400
56.430213
56.437229
56.444295
56.450712
56.456722
56.463665
56.470730
56.476548
56.483159
56.489645
56.496606
56.503638
56.510583
56.517564
56.523513
56.530625
56.536730
56.543911
56.550800
56.556779
56.563693
56.570434
56.576596
56.582722
56.589518
56.595625
56.602605
56.608341
56.614702
56.621458
56.628344
56.635651
56.642746
56.650074
56.657172
56.663665
56.669661
56.675727
56.681657
56.688371
56.694577
56.701290
56.708235
56.714776
56.721358
56.728242
56.735219
56.741025
56.747654
56.753613
56.759256
56.765703
56.771750
56.778445
56.784469
56.791606
56.798547
56.805483
56.812640
56.819627
56.825770
56.832438
56.839455
56.846237
56.852659
56.858608
56.865363
56.871657
56.878455
56.885433
56.891395
56.898094
56.905008
56.912240
56.918639
56.924650
56.931485
56.937599
56.944477
56.951436
56.957644
56.963660
56.969625
56.975441
56.982228
56.989242
56.995087
57.001618
57.008337
57.014602
57.021383
57.028031
57.034947
57.041787
57.047673
57.053618
57.059725
57.065580
57.071599
57.077716
57.084416
57.090659
57.097783
57.104490
57.111350
57.118281
57.125353
57.131661
57.137838
57.144806
57.152329
57.158652
57.164708
57.171539
57.177519
57.184465
57.191433
57.198421
57.204121
57.210952
57.217688
57.224388
57.231006
57.236932
57.243438
57.250056
57.257056
57.263643
57.269638
57.275614
57.281637
57.288255
57.295049
57.302118
57.307884
57.314695
57.321274
57.327629
57.334422
57.341160
57.347857
57.354610
57.361531
57.368250
57.374074
57.380583
57.387415
57.393710
57.400621
57.407452
57.413648
57.419627
57.425633
57.431703
57.438575
57.445319
57.452330
57.458090
57.464822
57.471713
57.477806
57.485042
57.491055
57.497618
57.503638
57.509660
57.515663
57.521765
57.528825
57.535626
57.542202
57.548595
57.555375
57.562227
57.569311
57.575629
57.581711
57.587631
57.593634
57.599622
57.605622
57.611629
57.618355
57.625326
57.632263
57.638606
57.645364
57.652039
57.658962
57.665771
57.671597
57.677653
57.684346
57.690713
57.697403
57.704437
57.710141
57.716858
57.722539
57.728622
57.734614
57.740657
57.746686
57.753419
57.759633
57.765318
57.772182
57.778972
57.785637
57.791770
57.797668
57.804593
57.811625
57.818363
57.824678
57.831466
57.837655
57.844406
57.851283
57.857656
57.863624
57.870287
57.877212
57.884499
57.890502
57.897396
57.903612
57.910477
57.917258
57.923633
57.929701
57.935765
57.942319
57.949321
57.956541
57.963731
57.969871
57.976773
57.983786
57.990461
57.997354
58.004060
58.010609
58.017567
58.024628
58.031430
58.037628
58.043700
58.050582
58.057519
58.063470
58.070325
58.076212
58.082930
58.088631
58.095482
58.102502
58.109507
58.116266
58.122624
58.129320
58.136385
58.143332
58.150460
58.157534
58.163647
58.169648
58.175659
58.182208
58.188630
58.195641
58.202522
58.208290
58.215029
58.221733
58.228541
58.235324
58.241665
58.248531
58.254387
58.260562
58.267460
58.274424
58.281139
58.287986
58.293865
58.299769
58.306882
58.312852
58.319742
58.325501
58.331635
58.337611
58.343647
58.349648
58.355459
58.361741
58.368367
58.375357
58.382379
58.388463
58.395530
58.402333
58.408537
58.415346
58.421652
58.427622
58.433793
58.439624
58.446473
58.453490
58.460711
58.467418
58.473766
58.481030
58.487706
58.494870
58.501921
58.508468
58.514407
58.521101
58.528075
58.535051
58.541605
58.548197
58.554676
58.561690
58.568493
58.575447
58.582397
58.589209
58.595657
58.601632
58.607655
58.613628
58.619649
58.625628
58.632425
58.639532
58.646470
58.652715
58.659575
58.665558
58.671498
58.678310
58.685278
58.691026
58.697628
58.703434
58.709617
58.715718
58.722347
58.728651
58.735636
58.742428
58.748571
58.755543
58.762682
58.769602
58.775638
58.781671
58.787601
58.793562
58.799732
58.806447
58.813586
58.820240
58.826687
58.832660
58.838638
58.844620
58.850687
58.856715
58.863434
58.869307
58.875676
58.882710
58.889691
58.895711
58.901646
58.907458
58.913657
58.919668
58.925619
58.931613
58.937715
58.944479
58.950885
58.956915
58.963816
58.970509
58.977373
58.984206
58.991097
58.997639
59.004507
59.011371
59.017693
59.024612
59.030647
59.036712
59.042738
59.049437
59.056769
59.064045
59.071135
59.078225
59.084636
59.090619
59.097379
59.104200
59.110675
59.117581
59.124480
59.131207
59.138482
59.145778
59.152673
59.159642
59.165670
59.171679
59.177681
59.183819
59.190701
59.197539
59.204292
59.210609
59.216441
59.222632
59.228638
59.234704
59.240644
59.247302
59.254269
59.260733
59.267606
59.274406
59.280419
59.287362
59.294556
59.301195
59.308245
59.315422
59.322404
59.329531
59.336576
59.342749
59.349395
59.356452
59.363415
59.369627
59.375723
59.381745
59.389023
59.395776
59.401857
59.407838
59.414775
59.421940
59.428950
59.435710
59.442412
59.448945
59.455993
59.462642
59.468607
59.475127
59.481671
59.488618
59.495292
59.502158
59.509109
59.516226
59.523041
59.529941
59.536948
59.543756
59.550634
59.556533
59.563503
59.570295
59.576686
59.582620
59.588649
59.595359
59.602226
59.609293
59.615059
59.621416
59.627634
59.634139
59.640669
59.647580
59.654427
59.660646
59.666633
59.673282
59.680145
59.687179
59.693621
59.699722
59.706335
59.712671
59.719404
59.726299
59.733070
59.740031
59.745755
59.752614
59.759429
59.765416
59.771644
59.777621
59.783679
59.790261
59.796125
59.802648
59.809511
59.816111
59.823058
59.829981
59.836867
59.843658
59.850302
59.857214
59.864268
59.870643
59.877396
59.883714
59.890534
59.896233
59.902950
59.909694
59.916429
59.923338
59.930128
59.936644
59.942652
59.948615
59.955114
59.961689
59.968639
59.975389
59.981589
59.988432
59.995254
60.002502
60.009244
60.016011
60.023077
60.029607
60.036149
60.042762
60.049810
60.056460
60.063475
60.070500
60.077333
60.083572
60.090396
60.097255
60.103922
60.110383
60.116579
60.123307
60.130257
60.137214
60.143658
60.149698
60.155662
60.161669
60.167630
60.173661
60.180486
60.187471
60.194517
60.201308
60.208327
60.214311
60.221546
60.228558
60.235565
60.242554
60.248676
60.254617
60.260615
60.266740
60.273387
60.279740
60.286896
60.293842
60.299631
60.306580
60.313850
60.320673
60.326621
60.332631
60.338482
60.344709
60.350621
60.357368
60.363433
60.370404
60.377419
60.383315
60.390122
60.396940
60.403904
60.410702
60.417567
60.424521
60.430658
60.437615
60.443501
60.450346
60.457413
60.464549
60.470655
60.477703
60.484620
60.491600
60.498612
60.505449
60.512441
60.518629
60.524724
60.531359
60.538396
60.545529
60.552169
60.559269
60.566310
60.572696
60.578614
60.585199
60.591438
60.598197
60.605045
60.610733
60.617531
60.624291
60.631255
60.638148
60.643863
60.650664
60.656586
60.662600
60.669385
60.676122
60.683319
60.689650
60.695737
60.701726
60.708303
60.715342
60.722411
60.728661
60.734649
60.741358
60.748109
60.754963
60.761740
60.767564
60.773620
60.779644
60.785667
60.791633
60.797655
60.803689
60.809777
60.816701
60.823357
60.830046
60.836618
60.843527
60.850544
60.857501
60.863218
60.869704
60.875607
60.881634
60.888381
60.894621
60.901473
60.908485
60.915109
60.922062
60.929104
60.935928
60.942565
60.949278
60.955334
60.961682
60.968644
60.975347
60.982403
60.989448
60.996333
61.003426
61.010463
61.016648
61.022652
61.029333
61.035648
61.042649
61.049400
61.056304
61.063352
61.070229
61.076635
61.082636
61.089346
61.096354
61.102643
61.109398
61.115220
61.121630
61.127642
61.133648
61.139670
61.145750
61.152560
61.159573
61.166321
61.173349
61.179664
61.186709
61.193447
61.200242
61.207268
61.214385
61.220731
61.227588
61.233550
61.239698
61.246467
61.253109
61.260084
61.266662
61.273501
61.280095
61.286921
61.293570
61.300350
61.306963
61.313992
61.320457
61.326629
61.333170
61.339660
61.346636
61.353448
61.359654
61.365624
61.371652
61.377645
61.383649
61.389706
61.396519
61.403580
61.410270
61.416657
61.422663
61.428660
61.434842
61.441676
61.448531
61.455252
61.461605
61.468600
61.475282
61.481322
61.487736
61.494702
61.500741
61.507654
61.513577
61.520459
61.527489
61.534499
61.541449
61.548436
61.555029
61.561963
61.568881
61.575697
61.582470
61.589463
61.596205
61.602626
61.608640
61.614656
61.620640
61.626632
61.632712
61.639530
61.645602
61.652544
61.659358
61.665626
61.671653
61.677629
61.683776
61.690670
61.697484
61.704466
61.710396
61.717280
61.723641
61.730672
61.737406
61.743623
61.749725
61.756477
61.763268
61.770412
61.776687
61.782703
61.789571
61.796377
61.803519
61.810751
61.817738
61.824606
61.831425
61.838265
61.845407
61.851201
61.857670
61.863665
61.869644
61.876284
61.882641
61.889510
61.896360
61.902662
61.908717
61.915400
61.922402
61.929421
61.936424
61.943382
61.949721
61.956802
61.964042
61.971028
61.977914
61.983705
61.990600
61.997633
62.004660
62.011630
62.018328
62.025031
62.031914
62.038491
62.045567
62.052118
62.059019
62.065647
62.072410
62.079388
62.085633
62.091603
62.097645
62.103652
62.110168
62.116635
62.123627
62.129343
62.136232
62.142653
62.149436
62.156294
62.163088
62.170033
62.175890
62.182457
62.189577
62.196440
62.203269
62.210290
62.217337
62.223686
62.229457
62.235647
62.241636
62.247610
62.254363
62.260642
62.266325
62.273273
62.279922
62.286768
62.293922
62.300679
62.307388
62.314060
62.320958
62.327692
62.334604
62.341517
62.347598
62.354568
62.361472
62.368532
62.375393
62.382442
62.388724
62.394707
62.401477
62.407573
62.414595
62.421440
62.428162
62.435442
62.442500
62.448691
62.455631
62.462447
62.469278
62.475682
62.482716
62.488722
62.495484
62.501623
62.508338
62.515311
62.522360
62.529455
62.536180
62.543145
62.550170
62.556709
62.562695
62.568720
62.575347
62.581670
62.588458
62.595442
62.602284
62.609501
62.616693
62.622831
62.628752
62.635455
62.642643
62.648627
62.655391
62.662340
62.669534
62.676477
62.683443
62.690149
62.697227
62.703637
62.709715
62.716508
62.722449
62.729471
62.736432
62.743383
62.750381
62.757402
62.763663
62.769656
62.775645
62.781636
62.787714
62.793732
62.800808
62.807639
62.814618
62.820721
62.826715
62.832824
62.838714
62.844690
62.850678
62.856664
62.863380
62.870300
62.876400
62.882735
62.889840
62.896962
62.904038
62.910632
62.917450
62.924332
62.931038
62.937588
62.944452
62.951137
62.957661
62.964567
62.971442
62.978477
62.985292
62.991576
62.997647
63.003598
63.010311
63.017125
63.023629
63.030359
63.036432
63.043037
63.049940
63.056644
63.061788
63.067420
63.073802
63.079915
63.086020
63.091659
63.096669
63.102241
63.107530
63.113443
63.119544
63.125273
63.131140
63.137299
63.143339
63.149315
63.155620
63.162178
63.167547
63.173577
63.179995
63.186851
63.193713
63.200628
63.207360
63.213252
63.219649
63.225616
63.231709
63.238496
63.245451
63.251680
63.258567
63.264598
63.271278
63.278368
63.285419
63.291622
63.297710
63.304731
63.310892
63.317539
63.324488
63.331306
63.338517
63.344554
63.351359
63.358392
63.365396
63.372477
63.378648
63.384723
63.391381
63.397612
63.404354
63.410949
63.417734
63.424285
63.431059
63.437872
63.444615
63.450361
63.456696
63.462637
63.468638
63.475376
63.481258
63.487632
63.493296
63.500098
63.507142
63.513638
